-5.994301179355979912e+02 -5.994341628065909617e+02 -5.994285026248289796e+02 -5.994186515385910070e+02 -5.994075517934760455e+02 -5.993965630624579717e+02 -5.993862206337399812e+02 -5.993766837692110130e+02 -5.993679692986260079e+02 -5.993600644974850411e+02
-5.994320825599270393e+02 -5.994365577191859984e+02 -5.994314488574659663e+02 -5.994222306907249731e+02 -5.994117738621580429e+02 -5.994013734548419734e+02 -5.993915432019380205e+02 -5.993824306424130555e+02 -5.993740734477199794e+02 -5.993664651536530528e+02
-5.994339595384740278e+02 -5.994390699773509823e+02 -5.994347477832440063e+02 -5.994264078688760264e+02 -5.994168334663439737e+02 -5.994072490490219707e+02 -5.993981364667019989e+02 -5.993896376225179665e+02 -5.993817960412189905e+02 -5.993746173697760469e+02
-5.994352224761039452e+02 -5.994412948654239699e+02 -5.994381418609680168e+02 -5.994310747997730004e+02 -5.994227567252339668e+02 -5.994143291574820296e+02 -5.994062358960450183e+02 -5.993986105860600446e+02 -5.993915044877400078e+02 -5.993849391994459666e+02
-5.994345025684100392e+02 -5.994422515072189981e+02 -5.994409755615140512e+02 -5.994358510596920269e+02 -5.994294016175540492e+02 -5.994226733094279780e+02 -5.994160652694939699e+02 -5.994097023023780366e+02 -5.994036500200429600e+02 -5.993979576440649453e+02
-5.994285745127000382e+02 -5.994394483907880158e+02 -5.994414644213279644e+02 -5.994395722097019643e+02 -5.994361134223310046e+02 -5.994320281514200133e+02 -5.994276722260119641e+02 -5.994231776386000092e+02 -5.994186527671409976e+02 -5.994142056288679896e+02
-5.994124417328270056e+02 -5.994291755981829510e+02 -5.994370508821740486e+02 -5.994406835052250244e+02 -5.994421291745020426e+02 -5.994422175189280324e+02 -5.994412756780559448e+02 -5.994395131946420179e+02 -5.994371536168190460e+02 -5.994344332035119578e+02
-5.993818553480630271e+02 -5.994085121610979741e+02 -5.994259116199319806e+02 -5.994381504491119586e+02 -5.994469868836380329e+02 -5.994530957727009763e+02 -5.994568804701569888e+02 -5.994587547472649476e+02 -5.994591988658600030e+02 -5.994586600910309926e+02
-5.993344814077620413e+02 -5.993745987154339900e+02 -5.994049586026500265e+02 -5.994287475385480093e+02 -5.994471721641090198e+02 -5.994607754866340201e+02 -5.994702017141499937e+02 -5.994762595377120533e+02 -5.994798101185790529e+02 -5.994816125234340234e+02
-5.992573657777979861e+02 -5.993112130566939868e+02 -5.993557978429879540e+02 -5.993924109807940113e+02 -5.994211936916029799e+02 -5.994425495051920052e+02 -5.994575568798120457e+02 -5.994675969704860563e+02 -5.994739879039899506e+02 -5.994778598104750245e+02
