1.221627773401223749e-02 1.703973018010174201e-03 0.000000000000000000e+00 2.141924818999996205e-03 1.043551376800166963e-02 4.279688534400349909e-02 1.342971010930114062e-01
4.517796594520007147e-01 1.227129052389983599e-01 1.842218275699281094e-02 0.000000000000000000e+00 1.806265227997982947e-03 1.512264484900072148e-02 6.719294263999131545e-02
5.266182938299976968e-01 1.952112653430049249e-01 4.089090803000772212e-02 0.000000000000000000e+00 1.874015909010040559e-03 3.469115037000847224e-02 1.825135301170064395e-01
9.024819624400493012e-02 4.810184835901054612e-02 1.155423297100810487e-02 0.000000000000000000e+00 2.785806269800161772e-02 1.979839857170020423e-01 7.879170745409993515e-01
2.617570556069921395e-01 1.074960953669972241e-01 3.120090911099282494e-02 3.038761867003358930e-03 0.000000000000000000e+00 1.869786946299711872e-02 1.197975876769987735e-01
1.082260488349930938e-01 1.766779431399356781e-02 0.000000000000000000e+00 2.092446015993232322e-03 9.271750454999505564e-03 4.921410798299064027e-02 2.579113946819973080e-01
3.359731794499509760e-02 1.327453149799850962e-02 3.918275493006717625e-03 0.000000000000000000e+00 1.482975745000203460e-02 1.083865630539975200e-01 3.851962205049943577e-01
1.036801885149998270e-01 4.338384723799038056e-02 6.356961268991767611e-03 0.000000000000000000e+00 1.540424694898945290e-02 6.119691252999359676e-02 1.681980370499900346e-01
7.880483337500265861e-02 2.576743356699751075e-02 0.000000000000000000e+00 5.870981529909613528e-04 2.050180189299055655e-02 6.720159427300131938e-02 1.845681707790021164e-01
3.315638419800848169e-02 1.638819592800189184e-02 3.396595419005166150e-03 0.000000000000000000e+00 7.240403397005934494e-03 3.019180009400201925e-02 9.226379153200525707e-02
1.961414033999631101e-02 1.369853555999611672e-02 4.263701038993872316e-03 0.000000000000000000e+00 1.782465504000185774e-02 8.370444052100367571e-02 2.042576583319970496e-01
3.145211451699481131e-02 2.305910922699183629e-02 1.004051139099715328e-02 0.000000000000000000e+00 8.397860041995386382e-03 5.569573630599222724e-02 1.347772913729983202e-01
4.501101826099329628e-02 1.789327302199694714e-02 5.533101872998713588e-03 0.000000000000000000e+00 8.482047461995989579e-03 4.970166021300315151e-02 1.373532726260009440e-01
9.972732063400258085e-02 1.739912197000137439e-02 4.617543391006506681e-03 0.000000000000000000e+00 7.402425513006960500e-03 6.365336809700750109e-02 2.003177551700048298e-01
1.272371611089937460e-01 4.314037278699345279e-02 8.930802075994392908e-03 0.000000000000000000e+00 3.114356423992603595e-03 1.277808596199747626e-02 4.272952798899609661e-02
9.320470998999041967e-02 2.906434059599405373e-02 8.519509519999246550e-03 7.859461469905681952e-04 0.000000000000000000e+00 4.653496085992969711e-03 1.532337534000305368e-02
1.156595195610066185e-01 2.390334409500383117e-02 2.913455327004044193e-03 0.000000000000000000e+00 1.255929708699454750e-02 6.111641317100691140e-02 1.314388558540002805e-01
2.765822211769943806e-01 5.106354333300089365e-02 8.365900097999201535e-03 0.000000000000000000e+00 1.959053563993506941e-03 1.193594156299582210e-02 2.455103108599132611e-02
1.086468863050100708e-01 3.191976327700274396e-02 7.698522932003015740e-03 0.000000000000000000e+00 8.273154439009999805e-03 2.355909677500278576e-02 3.435297216400101661e-02
1.866643027530017207e-01 3.748054810199619169e-02 8.131808176997878945e-03 0.000000000000000000e+00 1.361102155001958636e-03 1.150674254900252436e-02 2.903836057099340451e-02
5.845415445700012924e-01 9.477879561900692806e-02 1.307891349900103251e-02 0.000000000000000000e+00 9.963505355997881452e-03 4.217043767000916432e-02 7.809300740299818244e-02
2.041296041520013205e-01 3.186851432700166242e-02 1.954385408993175588e-03 0.000000000000000000e+00 1.172710874799065550e-02 3.096918909099599659e-02 4.148885170999960792e-02
9.787975597200215816e-02 8.660320345001082387e-03 0.000000000000000000e+00 5.457952440082181056e-04 4.448297132000789134e-03 1.532720828100764265e-02 2.968630529800009299e-02
6.350759503209957302e-01 1.692876653639956430e-01 2.613323374698950374e-02 0.000000000000000000e+00 1.872740948996920451e-03 1.151823456299894133e-02 2.538162233899754483e-02
3.419503257420046793e-01 6.052723598600096011e-02 3.759708791008620210e-03 0.000000000000000000e+00 6.852470562009216337e-03 2.067372044899684624e-02 3.480600643000286709e-02
3.198159797670001581e-01 1.012828026590000263e-01 1.775674459999265764e-02 0.000000000000000000e+00 7.219839040004671915e-04 7.276647856002682602e-03 1.960034386399911455e-02
3.079392389250017459e-01 1.025215096440064144e-01 1.779818700001101206e-02 0.000000000000000000e+00 6.561983774005852865e-03 4.173735525500887888e-02 1.056856167700033211e-01
5.502612700719993200e-01 1.440080882750010005e-01 2.320276121200492980e-02 0.000000000000000000e+00 1.708927600006404646e-03 1.511072470900387543e-02 3.644396217499945578e-02
4.818705752119996077e-01 9.238520916200343436e-02 1.023627981999197800e-02 0.000000000000000000e+00 2.506278056998212378e-03 1.881044095300410390e-02 5.505962887700377451e-02
6.958960639200029163e-02 1.383918099699599225e-02 1.103704413992545597e-03 0.000000000000000000e+00 5.670034798001211129e-03 2.111027910099494420e-02 4.949065277799036267e-02
1.871436866209990058e-01 4.887804039299226133e-02 7.529050588999552929e-03 0.000000000000000000e+00 9.571394041998360080e-03 3.155608811100307776e-02 5.374454087200319918e-02
4.469184349410113555e-01 1.076676079210017178e-01 1.735439592900434036e-02 0.000000000000000000e+00 1.697245927100254903e-02 5.852410828001097798e-02 9.717010157100958168e-02
1.588437402530047393e-01 3.199829134500475902e-02 1.483384827011491325e-03 0.000000000000000000e+00 1.392375377400867364e-02 4.444349435401306891e-02 1.608139023600045903e-01
7.849571270399735567e-02 2.169041187799791714e-02 0.000000000000000000e+00 2.562837628005354418e-03 4.289939965200062488e-02 1.778684168809974153e-01 6.723941616610034089e-01
1.640957222489873857e-01 5.067190620599149042e-02 5.421299649995603431e-03 0.000000000000000000e+00 2.562316438699951959e-02 8.711004256198862095e-02 2.729846517729868083e-01
2.742999917440016588e-01 8.600801249799872039e-02 1.589074971900572564e-02 0.000000000000000000e+00 3.862624578005124931e-03 1.792146938299765679e-02 6.886847135500318018e-02
1.469910498339999094e-01 3.452066130999753568e-02 3.950705647994823266e-03 0.000000000000000000e+00 8.841393970996591634e-03 2.705041918800077383e-02 7.104563198200253282e-02
3.760268754169970862e-01 9.866255736899631756e-02 1.835029111200014995e-02 0.000000000000000000e+00 2.027608627800248087e-02 9.537826286400274967e-02 2.313912988600037579e-01
2.890671194739979910e-01 7.876857899600508972e-02 1.195396916000390775e-02 0.000000000000000000e+00 3.337615745300581693e-02 1.249225326770044830e-01 2.432795794140076850e-01
2.625556024089945595e-01 6.335235470000100122e-02 5.375873911006578965e-03 0.000000000000000000e+00 2.168163297099567899e-02 8.094916539900509633e-02 1.949085038630045119e-01
2.281920804384995449e+00 3.457291124129966420e-01 5.299888838699473581e-02 0.000000000000000000e+00 3.293025696990525830e-03 3.770407037799827776e-02 1.198483253749884625e-01
1.500585206549942541e-01 3.729212610799947925e-02 1.978039290989386245e-03 0.000000000000000000e+00 1.284477682699503021e-02 4.849985921099175812e-02 1.288399947429894610e-01
1.402400484350039278e-01 3.672906407400944317e-02 5.969263480011477441e-03 0.000000000000000000e+00 1.542052260400339492e-02 8.809622115801118980e-02 2.951438518620079776e-01
2.948852294070007929e-01 6.043417039199994178e-02 6.112287579000508231e-03 0.000000000000000000e+00 3.830521726001734351e-03 3.006147730199870693e-02 1.194793693729963024e-01
1.884959030520008127e-01 4.838250831299717447e-02 6.107667392996063427e-03 0.000000000000000000e+00 3.048692353999626903e-03 2.695623007998904086e-02 1.136449773079988290e-01
3.703128299789995026e-01 1.674331850520047738e-01 4.691886692100410983e-02 5.032345987004305243e-03 0.000000000000000000e+00 3.382757544002856775e-03 2.541294925001125193e-02
3.789179221439979983e-01 1.081335990130014579e-01 1.694510653599934358e-02 0.000000000000000000e+00 1.072514241002409108e-03 1.011525612699415433e-02 3.184953892299802192e-02
4.837401102050051804e-01 1.931407733830070583e-01 4.327222231700034172e-02 0.000000000000000000e+00 2.888636649004183710e-03 3.292410524500155589e-02 1.005976288090124626e-01
6.726350495790001105e-01 2.331464420440028107e-01 4.053798681799491987e-02 0.000000000000000000e+00 2.549847222400103419e-02 1.226747125240024161e-01 3.064424996759953501e-01
2.460902241399907098e-01 7.002045158898795307e-02 1.232549813698824437e-02 0.000000000000000000e+00 3.095277107988181342e-03 2.189276588499922127e-02 9.563520570799255438e-02
1.914645545590047959e-01 6.322753466500330433e-02 8.775922755006604348e-03 0.000000000000000000e+00 1.007617254100523496e-02 4.763018207800939763e-02 1.724613361290039393e-01
1.470064473869996391e-01 1.021836069599970642e-01 4.287724688799698924e-02 6.633780995002780401e-03 0.000000000000000000e+00 8.849536517999467833e-03 4.874875645499798793e-02
5.690945581500272965e-02 2.252422027500244894e-02 2.239888477006957146e-03 0.000000000000000000e+00 2.457356199799676233e-02 1.496300252349982429e-01 6.027087365620076298e-01
2.851083243060088535e-01 1.403811917009960553e-01 3.269450011400465428e-02 0.000000000000000000e+00 1.930402398002684095e-03 2.072615112099640555e-02 9.033487964300945805e-02
1.173511948340006938e-01 5.833088823000309731e-02 1.278367532199808920e-02 0.000000000000000000e+00 5.089422603006710233e-03 2.834782368499588756e-02 1.216960022120048279e-01
1.432069047900057512e-01 6.388671157000658241e-02 1.113296153100407082e-02 0.000000000000000000e+00 1.024894817500410227e-02 5.658007468500159121e-02 2.541968310270021902e-01
1.856612853989929590e-01 8.473860732999582979e-02 1.857308125899237439e-02 0.000000000000000000e+00 7.679927463001945398e-03 5.066584869099699517e-02 2.101812211629976446e-01
8.498386558500214960e-02 3.575239356199233498e-02 9.434925749999933942e-03 0.000000000000000000e+00 2.469448365005177948e-03 1.805272946700142711e-02 7.683965421199445700e-02
7.889842927899337610e-02 2.334225160399228116e-02 2.388787837986683371e-03 0.000000000000000000e+00 6.228988235989163513e-03 2.623219846098834296e-02 1.050942269609862478e-01
1.934212696849897384e-01 7.796150198998930136e-02 1.666955861199426181e-02 0.000000000000000000e+00 1.358360673899028370e-02 7.288857763698786130e-02 2.229072810729917364e-01
1.396478433519945384e-01 5.128681552200475835e-02 9.227277693000246472e-03 0.000000000000000000e+00 9.553043921997073085e-03 5.275883609499487648e-02 1.689439329479967000e-01
2.212993069789916945e-01 7.146619084998917515e-02 1.516458258599584497e-02 0.000000000000000000e+00 3.698017426998490009e-03 2.758806362699317560e-02 8.959194408599557846e-02
1.020092612789937903e-01 5.301142326899821455e-02 1.936730167899725075e-02 2.388888453992876748e-03 0.000000000000000000e+00 1.239259393199176884e-02 6.449134972199033200e-02
6.455536644899950716e-02 2.707148440100581865e-02 5.507013251005332677e-03 0.000000000000000000e+00 9.147961248004321533e-03 7.736671719300147743e-02 3.895229079000017691e-01
1.207636686409898630e-01 2.609807155599241923e-02 5.753426437991038256e-03 5.722261199991862668e-04 0.000000000000000000e+00 5.287113283998223778e-03 2.003437794598994515e-02
1.978694601250055030e-01 4.313631050899857655e-02 7.523656962007407856e-03 0.000000000000000000e+00 1.235349940031937876e-04 8.959514379995425770e-03 3.808078504400214115e-02
3.235825028500016742e-02 9.841410595001320871e-03 2.401143073001321682e-03 0.000000000000000000e+00 8.255141551998690375e-03 3.728208458998949482e-02 8.196099964699499196e-02
8.965119031499568791e-02 2.101591867999275109e-02 4.935292973001992323e-03 0.000000000000000000e+00 5.144333450999738488e-03 2.349547818099040342e-02 4.594110110099336453e-02
1.176057708790096967e-01 3.615579555000181244e-02 1.031272330401122872e-02 0.000000000000000000e+00 5.770487263006884859e-03 3.831988631900173914e-02 9.261870009400752224e-02
4.924634482900103194e-02 1.556919508699650123e-02 3.656762928997636664e-03 0.000000000000000000e+00 1.881189922997350550e-03 6.919974522006100415e-03 1.531052352000017436e-02
4.091672114800815052e-02 9.487584704999107998e-03 1.614122416000896010e-03 0.000000000000000000e+00 3.823900514007050333e-03 1.259820369200781442e-02 2.438740967500052648e-02
6.983905554399427729e-02 2.363634925698931966e-02 5.592523861992049206e-03 0.000000000000000000e+00 8.236980245996505801e-03 3.410352567298957638e-02 7.155736903699505547e-02
7.085955971400892395e-02 2.152223656700869014e-02 5.581284645003847800e-03 0.000000000000000000e+00 2.112228925300030369e-02 1.408246915000006538e-01 5.733091710830109378e-01
1.725883051740026985e-01 4.143608786999664062e-02 6.815722365999477006e-03 0.000000000000000000e+00 6.155220712997788723e-03 6.107913932599728923e-02 3.857693827149972776e-01
9.321237135199567092e-02 3.378714190199616496e-02 8.331101422996312067e-03 0.000000000000000000e+00 9.515594758994438962e-03 7.837021506298924578e-02 2.467343825399979096e-01
2.317078987400122969e-02 7.557712942997341088e-03 9.677683260065350623e-04 0.000000000000000000e+00 1.761831787200662802e-02 7.940994352199481909e-02 1.852691048949992592e-01
1.386652758740041236e-01 3.670105779899301979e-02 3.156309601990869851e-03 0.000000000000000000e+00 8.544461201992703536e-03 2.457731770999771470e-02 4.981421240799477346e-02
4.018263401909933918e-01 1.320898932849985385e-01 2.246224918199857257e-02 0.000000000000000000e+00 7.101878176001719112e-03 2.363284726499159660e-02 4.706295707399021921e-02
9.303535569699761254e-02 2.314728388699904826e-02 4.088154313990344235e-03 0.000000000000000000e+00 4.029519079992383013e-03 3.300121904800334960e-02 8.463783354699216943e-02
3.678846871400764940e-02 1.570875873800048339e-02 4.896290396004587819e-03 0.000000000000000000e+00 3.217073217001598096e-03 1.592035479100673001e-02 2.959009047000904502e-02
3.844967263100329546e-02 8.741981002998500117e-03 0.000000000000000000e+00 4.129858960055798889e-04 1.030837497299330607e-02 3.034192481099751149e-02 5.215050141599419931e-02
1.299212314769988552e-01 2.814364000799685073e-02 5.081440303996487273e-03 0.000000000000000000e+00 3.039614325999195898e-03 1.066361492799217103e-02 2.069214923599815847e-02
1.097487068640106145e-01 2.577306086701014465e-02 6.112330285006351005e-03 3.696647100071004388e-05 0.000000000000000000e+00 2.826050991004080970e-03 6.216000972003143943e-03
5.879120761900935577e-02 1.612068708500657976e-02 3.076662928009454845e-03 0.000000000000000000e+00 2.435152756007141761e-03 7.683643264996931066e-03 1.416099338099741090e-02
6.176283723800679581e-02 1.356087679999973261e-02 9.644635960057712509e-04 0.000000000000000000e+00 3.820667752009399010e-03 9.692468431012457586e-03 1.737473305099968002e-02
6.235157480799102814e-02 1.904109662000053049e-02 2.864992462988880106e-03 0.000000000000000000e+00 2.968035938991420153e-03 9.332598165997296746e-03 1.976865839299080108e-02
8.448511553800130969e-02 1.840618815099048788e-02 1.200746617996628629e-03 0.000000000000000000e+00 8.314773359998639535e-03 4.224895955799468084e-02 1.135422300969963771e-01
1.055685518689983837e-01 1.580036429099607176e-02 1.466547299884268796e-04 0.000000000000000000e+00 1.152783466599771600e-02 6.763395115699211146e-02 1.974889583129879611e-01
6.161226495299843009e-02 8.057770801002561711e-03 0.000000000000000000e+00 2.346026871990147811e-03 9.586707540989891640e-03 3.741193699499945069e-02 1.013642135949908152e-01
6.531071825199319392e-02 8.191852332998905695e-03 0.000000000000000000e+00 4.144389223995403881e-03 8.077389867992224026e-03 1.179251283799942485e-02 1.822154407699372314e-02
4.545486615100458039e-02 5.665480670003830710e-03 0.000000000000000000e+00 2.612576741995553675e-03 6.504493275002687369e-03 1.036340290100667971e-02 1.429193439399512044e-02
5.203889095700731104e-02 8.177754548995608275e-03 0.000000000000000000e+00 8.365581630016549752e-04 3.009186146002207352e-03 5.534199075000856283e-03 8.934125622005240075e-03
1.231956918410048729e-01 3.515176398600772245e-02 3.806114696999429725e-03 0.000000000000000000e+00 4.920297951002794434e-03 1.118555973600621201e-02 1.673823047300970757e-02
3.354650834140073812e-01 5.812951894399986941e-02 6.087003884999830916e-03 0.000000000000000000e+00 1.639925534007602437e-03 4.206416588004913137e-03 8.116864865002071383e-03
3.383718962810036146e-01 7.137552486800302631e-02 1.069186674800448600e-02 0.000000000000000000e+00 3.720164794003721909e-03 1.105317582801035314e-02 1.907400537200487634e-02
1.273980959309994887e-01 2.224963373200239403e-02 3.518150370069861310e-04 0.000000000000000000e+00 5.045238747001690172e-03 1.095750769800929447e-02 1.613706233500522558e-02
9.620250488299575409e-02 2.989652530999364899e-02 5.422080355998559753e-03 0.000000000000000000e+00 4.087528669003859250e-03 1.017087764299162700e-02 1.502057129999911922e-02
3.042759227400892996e-02 6.187210830006506512e-03 0.000000000000000000e+00 5.674175550041127281e-04 3.529108784007917166e-03 6.995325626007797837e-03 1.004646496799921351e-02
9.324584658099865919e-02 4.458420373599381037e-02 1.087861538499623748e-02 0.000000000000000000e+00 3.300901995999083738e-03 1.058434764100013581e-02 1.785071456099274201e-02
1.687022314989974348e-01 5.445636074300352902e-02 1.065106736399457077e-02 0.000000000000000000e+00 1.297284792002528775e-03 4.294903295999574766e-03 6.929096446995686165e-03
1.339998463139977503e-01 4.894494983899733143e-02 7.466847350997340982e-03 0.000000000000000000e+00 2.377729063994138414e-03 7.117642382993949468e-03 1.373040435699124373e-02
1.142069708189978883e-01 4.136387840800637150e-02 5.564117583006122914e-03 0.000000000000000000e+00 4.400765154997543505e-03 1.126659355200843038e-02 1.555524929099760811e-02
7.182086806299992077e-02 3.080014010799914104e-02 8.513729744009879141e-03 0.000000000000000000e+00 5.161862800662220252e-05 4.403122162003114681e-03 1.053921364400878247e-02
1.244618606060043930e-01 3.885126893199952747e-02 1.234281753600185993e-02 4.214894406999292187e-03 7.730514120041220849e-04 0.000000000000000000e+00 3.112392795998175643e-03
2.562770809129943927e-01 5.882123579900166987e-02 8.945553299000152947e-03 0.000000000000000000e+00 1.815102069997465151e-04 1.900055028200142715e-02 8.290820159200507078e-02
2.217359047000400096e-02 9.293655036003656278e-03 3.138737805997493524e-03 0.000000000000000000e+00 3.582324799822345085e-05 3.663388890998930947e-03 9.769413591001807617e-03
1.613637988398863854e-02 1.091971661999480148e-02 5.964739597999368925e-03 1.955314453994105861e-03 0.000000000000000000e+00 7.147619849945385795e-04 5.132833668000102989e-03
2.766619774800460618e-02 8.641702300010933868e-03 1.230030843004215058e-03 0.000000000000000000e+00 9.903352364005968411e-03 3.361990346800780571e-02 5.511848257300755449e-02
6.873081162800076527e-02 1.595800426399307526e-02 3.268192012001236435e-03 0.000000000000000000e+00 1.026570088995981678e-03 1.083304748100033521e-02 2.999304649600276207e-02
6.394287369100482010e-02 1.830066276799868774e-02 4.840729769000517990e-03 0.000000000000000000e+00 3.935728900046342460e-04 4.630882679009573621e-03 1.243939436200491855e-02
1.034242004389938074e-01 3.087617756199279029e-02 6.460911953993786483e-03 0.000000000000000000e+00 2.048866794993386975e-03 9.694830960995659552e-03 1.845258762999435476e-02
8.859501612599274267e-02 2.582112989099982769e-02 3.305664959000864656e-03 0.000000000000000000e+00 4.727799736002680220e-03 1.087935014800223144e-02 1.582930705700391627e-02
2.943803573100467474e-02 1.110194541200826279e-02 2.142988111998533896e-03 0.000000000000000000e+00 9.430545360999076365e-03 4.299434601399809708e-02 8.322914388800484176e-02
2.695180457840109511e-01 5.940307952700152327e-02 1.149690376300327443e-02 0.000000000000000000e+00 1.795551901011549489e-03 9.194292869011633229e-03 1.837069227801180205e-02
8.673483356699307478e-02 1.896242501599942898e-02 2.024878730992440978e-03 0.000000000000000000e+00 1.177591472399797112e-02 9.697884370000053877e-02 5.311417178169932640e-01
1.271161105169937855e-01 3.260892295399742125e-02 5.016764716998522999e-03 0.000000000000000000e+00 4.730874854999456147e-03 2.424399361999007851e-02 1.044576708049902436e-01
1.767225998870003423e-01 3.378632434299788656e-02 6.230296127000656270e-03 1.048938180048253344e-04 0.000000000000000000e+00 2.588693158003252393e-03 6.263467343998740944e-03
1.489350092920034285e-01 2.588804018800772155e-02 1.488030586003219469e-03 0.000000000000000000e+00 1.745706429005622340e-03 4.032494317996793143e-03 6.930976901003305102e-03
1.025142277527990586e+00 1.578700935319972132e-01 2.215026676699949348e-02 0.000000000000000000e+00 9.932304459994156787e-04 4.845077395998487191e-03 8.622076175996085112e-03
2.633449511180003810e-01 4.798893575100748876e-02 6.084115318003568973e-03 0.000000000000000000e+00 6.257272199974295290e-04 2.638848703000462592e-03 5.278698314000962455e-03
3.887763730629956171e-01 7.514478701800442195e-02 7.463642112000457018e-03 0.000000000000000000e+00 2.247532246002492684e-03 6.201238621997617884e-03 1.108652790300368451e-02
1.947520591455003114e+00 1.836171959140102672e-01 1.974778135600274709e-02 0.000000000000000000e+00 2.308470743002999370e-03 6.188245954007243199e-03 1.014746679400957419e-02
4.126562499979939957e-01 5.846330939699839746e-02 2.494877713999699154e-03 0.000000000000000000e+00 3.864713225993909873e-03 7.034600343004626666e-03 9.582961505003595448e-03
9.499195263239954556e-01 1.059391757279968260e-01 1.168699358998992466e-02 1.160410593996630269e-03 0.000000000000000000e+00 1.595905516992957018e-03 4.473794894991556248e-03
2.009789727007998295e+00 3.949720212499983063e-01 5.299797567600705861e-02 1.841552631006493357e-03 0.000000000000000000e+00 3.768199565001850715e-03 7.189233055996169242e-03
2.567542684599999347e-01 6.475095074399916939e-02 7.038102856000705287e-03 0.000000000000000000e+00 1.652807405008616115e-03 4.098163148000821820e-03 6.917381919009812918e-03
2.697186443020029856e-01 9.689436213099611450e-02 1.719556149200229811e-02 0.000000000000000000e+00 1.776542841000150474e-03 6.495887358994423266e-03 1.021650497899884158e-02
1.169042790509990937e-01 2.764782748600680407e-02 7.891895979952323614e-04 0.000000000000000000e+00 4.333831753001504694e-03 9.336413327005743668e-03 1.612358218299903001e-02
3.578297770380061138e-01 1.134397022640030173e-01 2.143247527199321212e-02 1.552167789000691300e-03 0.000000000000000000e+00 1.091721619999930226e-03 4.341218210001329680e-03
2.184794441899953199e-01 4.684974899099358936e-02 2.395686607997049578e-03 0.000000000000000000e+00 3.609590645993421276e-03 8.068525558996952896e-03 1.444327697099367924e-02
2.585906969389952792e-01 6.843411120300402217e-02 7.500186670000630329e-03 0.000000000000000000e+00 3.479926486008366737e-03 8.498482879005564428e-03 1.334970602300700193e-02
4.761173883910032600e-01 1.442412598940023827e-01 2.477412727500905021e-02 3.823098249995382503e-04 0.000000000000000000e+00 3.744639046999509446e-03 1.051152630300578039e-02
1.091792567920037982e-01 4.619282838299909599e-02 8.369568435000473983e-03 0.000000000000000000e+00 3.621756685006971566e-03 1.416856560200585591e-02 3.979374371300536950e-02
6.541244036598925504e-02 2.447954065898727549e-02 3.468939852993457862e-03 0.000000000000000000e+00 3.198280511995221786e-03 7.605949132994282991e-03 1.228106693798736160e-02
3.152244657599112543e-02 1.999824801099236993e-02 6.155547039000452969e-03 0.000000000000000000e+00 2.128883251998558990e-03 8.805127929988998403e-03 1.734932750099460463e-02
2.374153246999810563e-02 1.241260832399859737e-02 3.403357590997302395e-03 0.000000000000000000e+00 5.712207439927396990e-04 3.695607864003136456e-03 1.224876915699724123e-02
4.628590786700215176e-02 1.600261993999652077e-02 3.510553535988947260e-03 1.491992679945042255e-04 0.000000000000000000e+00 1.478657430993735034e-03 6.521823858989250766e-03
3.514963927599978888e-02 6.667509902001711453e-03 9.187708060096611007e-04 0.000000000000000000e+00 7.832653440118519939e-04 3.038894766007160797e-03 8.590308381002387250e-03
1.059470716649997257e-01 1.908958457599396752e-02 9.083057739900368688e-04 0.000000000000000000e+00 1.763458387003424832e-03 4.783030257001996688e-03 1.218903642099178342e-02
8.359316991210050674e-01 1.995302274970072176e-01 3.483429520800029877e-02 2.695134961996359380e-03 0.000000000000000000e+00 1.793563649997054199e-03 5.754213444006950340e-03
4.047686777069969821e-01 9.131127113499815096e-02 1.253613431100575326e-02 3.850541230008275306e-04 0.000000000000000000e+00 1.009894250003640082e-03 4.774607222003623974e-03
3.296555899419928437e-01 7.428147774200510867e-02 8.506251955992638614e-03 0.000000000000000000e+00 1.879196185996079294e-03 1.159138209699506206e-02 6.241321539299349297e-02
1.699981826929928275e-01 2.817190549899351026e-02 1.741028720999793222e-03 0.000000000000000000e+00 7.412303569935829728e-04 7.266931421995082019e-03 5.584814134400062358e-02
1.273811652650067572e-01 1.334955009301097562e-02 0.000000000000000000e+00 9.620260740064168203e-04 7.463327210999182171e-03 4.010157908000167026e-02 1.781290747300090516e-01
4.755751812601261008e-02 2.721089566800571902e-02 7.155684225011782473e-03 0.000000000000000000e+00 2.736484607800093727e-02 1.599719963029997416e-01 4.864266033870023875e-01
7.630349534099423181e-02 2.609489219599936405e-02 9.355277460997513117e-03 0.000000000000000000e+00 1.195373437199975797e-02 1.073122508339992009e-01 4.369143914109940852e-01
1.355675016999953186e-01 3.233608545198762840e-02 7.595484885996484081e-03 0.000000000000000000e+00 1.710269484399873363e-02 1.489976485499937553e-01 1.188865192879987376e+00
1.890630522069898234e-01 4.320076095999070276e-02 6.248217764991181866e-03 0.000000000000000000e+00 3.903598458599333298e-02 2.817473052199943595e-01 1.695736048325997558e+00
3.581827074849996961e-01 5.811368591901100444e-02 7.106874497011972380e-03 0.000000000000000000e+00 5.986043465000534525e-03 6.964868324701001256e-02 4.205589627360097893e-01
6.787920052919957925e-01 1.073205571999977792e-01 8.204194873997039394e-03 0.000000000000000000e+00 9.312218703001917675e-03 4.697121090499933871e-02 1.727347697679988414e-01
3.744320948439963104e-01 6.329586747699522675e-02 6.025953472999390215e-03 0.000000000000000000e+00 2.210559427300040625e-02 1.429823815689985622e-01 5.591780260780012668e-01
4.305173180650996301e+00 4.688989075859950617e-01 8.627082653899265097e-02 7.749979014988639392e-03 0.000000000000000000e+00 4.760609848399610655e-02 3.043467958809884522e-01
1.134649660600999255e+00 2.187071282359909219e-01 2.770293609499674403e-02 0.000000000000000000e+00 1.729255822499453643e-02 1.201020452509879988e-01 5.173701321039914092e-01
1.646761187162013584e+00 2.422886390970120374e-01 4.660997876000294582e-02 0.000000000000000000e+00 2.909273356010544376e-03 8.005107562500768381e-02 3.557968228100065744e-01
3.818999706877008293e+00 4.485648963330106653e-01 5.702204660200038688e-02 0.000000000000000000e+00 1.696623003400077323e-02 1.300454013260008423e-01 4.842465323600038118e-01
3.150000679698905515e-02 1.570718437099571929e-02 5.422171903987305086e-03 0.000000000000000000e+00 7.714573714991956876e-03 7.739075327999955789e-02 4.158451790559922756e-01
3.869743303999939599e-02 1.683225027500157012e-02 4.365684828002258655e-03 0.000000000000000000e+00 5.896011208008644644e-03 4.003068250700891895e-02 2.081230532740079298e-01
1.116794770029940764e-01 7.705675082799245956e-02 2.604994441799135529e-02 0.000000000000000000e+00 2.928694361003181257e-03 4.298709635799013995e-02 2.151588499509955454e-01
4.295386006799617462e-02 2.897132881599873144e-02 1.053683339299027466e-02 0.000000000000000000e+00 1.940070044000208327e-03 1.945293672198999957e-02 1.156485231689998727e-01
3.001225142600105755e-02 1.117346705400734663e-02 2.474914612008660697e-03 0.000000000000000000e+00 9.495275180029238982e-04 1.099737669400724371e-02 5.688872355899832201e-02
3.496726543100692197e-02 9.937409239000771777e-03 1.152821635997725025e-03 0.000000000000000000e+00 2.939806740997141787e-03 2.104603196799814668e-02 9.212368479700216994e-02
6.876409380600989607e-02 2.318015826800490231e-02 4.421049340010085871e-03 0.000000000000000000e+00 3.590055929976188054e-04 5.159813496007359390e-03 3.944038099700719613e-02
1.119910667299990337e-01 3.730009884600349324e-02 6.643501131009088567e-03 0.000000000000000000e+00 5.286391324005990100e-03 2.061276689300939324e-02 7.738525597601153549e-02
8.854952607099164652e-02 2.720014008099269631e-02 5.740182986997410808e-03 0.000000000000000000e+00 1.834066754000218680e-03 9.527667263000694220e-03 4.044248610399847621e-02
3.662333640001236290e-02 9.106945473007499459e-03 1.266674926000632695e-03 0.000000000000000000e+00 9.582798053003216410e-03 4.987825492500519431e-02 1.294265307620037220e-01
1.518291064000010238e-01 3.576256802200816765e-02 5.753662377003365691e-03 0.000000000000000000e+00 1.119623985100304253e-02 8.368970999300984204e-02 3.182047252000046456e-01
2.007117169020062875e-01 5.807388553999714986e-02 9.189534852993119785e-03 0.000000000000000000e+00 1.859158098994839747e-03 8.366808895004851365e-03 3.926606395400256133e-02
7.921626105900259063e-02 1.456959036600835589e-02 9.495746701304597082e-05 0.000000000000000000e+00 2.968505047007852227e-03 8.657157914001345489e-03 2.960527942501300913e-02
2.167274287970002433e-01 5.241516160199921615e-02 3.722924230999069550e-03 0.000000000000000000e+00 4.211939729003688626e-03 9.440125556992029487e-03 2.435179019099109610e-02
9.950839703339937614e-01 2.415506553439996651e-01 3.627394121799909499e-02 0.000000000000000000e+00 3.107513817994345118e-03 1.189028375399914239e-02 2.290172192499539960e-02
2.249835582749994956e-01 3.577035774100068011e-02 2.645100369988995226e-04 0.000000000000000000e+00 1.014497310499962168e-02 2.436004257099000370e-02 4.630790454800148837e-02
4.236017405160055205e-01 6.246284239500710100e-02 3.379626300002769312e-03 0.000000000000000000e+00 5.196072770999649038e-03 1.505160348800416159e-02 2.835651999899369002e-02
7.877188083389938811e-01 1.406555935219984121e-01 1.518030477699028324e-02 0.000000000000000000e+00 3.272473021993960174e-03 1.083754153299310019e-02 2.596784212799718716e-02
3.113453996230077792e-01 5.422920254100915827e-02 4.419268600003078973e-03 0.000000000000000000e+00 1.365999653003768799e-03 6.884374530997661168e-03 2.639891211700273743e-02
1.007773599272994147e+00 2.703028465429895277e-01 4.035479729400037741e-02 4.417237282993369263e-03 0.000000000000000000e+00 2.485843523999164972e-03 1.139281933198788010e-02
1.029940187199969159e-01 1.203292289699220419e-02 0.000000000000000000e+00 9.107004679975716499e-04 9.770753612997395976e-03 2.861329283499003395e-02 6.225243405098979110e-02
4.484622292800111154e-02 4.564837903998864022e-03 0.000000000000000000e+00 2.168022141006531456e-03 1.404501467500551826e-02 3.708524768001097982e-02 5.363043996899818922e-02
2.887425361200257612e-02 0.000000000000000000e+00 5.725336960011873089e-04 2.587549387996546102e-03 3.601384824008846408e-03 5.405835583999873961e-03 1.062626854900372564e-02
1.373357456600388105e-02 4.085737819963242146e-04 0.000000000000000000e+00 8.876429139945685165e-04 3.616349634000926017e-03 9.226602005000472673e-03 1.850420442299594015e-02
3.008790932300087206e-02 8.386848806992475147e-03 3.578498810000496633e-03 1.325374164991899306e-03 0.000000000000000000e+00 5.581074162989807519e-03 5.848445021099735186e-02
1.480736198699617034e-02 3.363338710997254566e-03 9.116776879949384238e-04 0.000000000000000000e+00 3.360664556993242513e-03 4.556482122200122831e-02 3.355005601619893696e-01
3.176501602700909643e-02 1.088919057200143925e-02 3.209351896003909133e-03 0.000000000000000000e+00 2.441477185001872385e-03 3.797504602501078352e-02 2.860380739340087075e-01
3.667225786500694085e-02 1.801544015299327839e-02 6.800102162998200583e-03 0.000000000000000000e+00 4.855371595994029121e-03 6.892524973800107091e-02 4.286602603419993329e-01
2.250742210100042939e-02 7.346789134004438893e-03 1.217810021998388947e-03 0.000000000000000000e+00 8.787933050996343809e-03 7.548296422899625213e-02 4.012702602259992091e-01
6.872436797800673958e-02 2.617910672699963470e-02 6.781893781010239763e-03 0.000000000000000000e+00 4.168517083002143409e-03 3.435277906400813208e-02 1.813663163390089039e-01
5.549475114099777784e-02 2.169248528599609926e-02 5.747947477004800021e-03 0.000000000000000000e+00 6.740306701004783463e-03 5.589587609499346854e-02 2.493248685089923811e-01
1.149606181340061539e-01 3.585274584101227902e-02 6.672480016007398262e-03 0.000000000000000000e+00 6.436943936009242861e-03 4.233358995099933964e-02 1.379263899700049478e-01
6.191193127399685636e-02 1.612166661799108169e-02 2.106590522004125887e-03 0.000000000000000000e+00 1.995415191699123625e-02 1.360240561510011048e-01 4.964049817070019799e-01
1.141208722500124395e-01 2.808960102700552852e-02 4.836958426011506162e-03 0.000000000000000000e+00 5.017868421006710378e-03 5.350499400300634534e-02 2.436244200650037328e-01
4.678624330199454562e-02 8.833501938994459124e-03 1.455351669932269942e-04 0.000000000000000000e+00 9.553816907995837937e-03 7.530882121199056201e-02 3.255958726909966572e-01
1.058550216270077726e-01 2.831377907600085564e-02 6.614369843006784322e-03 0.000000000000000000e+00 4.924634490066637227e-04 2.768190282900206967e-02 1.437461831090018904e-01
6.308976369200536283e-02 1.069406016399909731e-02 0.000000000000000000e+00 3.885686819984357498e-04 9.962366258008614750e-03 4.958186266699726730e-02 1.590866083599991043e-01
7.337176549799551140e-02 2.023615068900141978e-02 4.716923426997254865e-03 0.000000000000000000e+00 4.701604299981454460e-04 1.828178653299517009e-02 8.911143457000036960e-02
5.640149540199956846e-02 1.327196066300473376e-02 2.228304537993608392e-03 0.000000000000000000e+00 3.926116179968630604e-04 5.341556212997033981e-03 2.820801306900477812e-02
5.503018811499771346e-02 3.422012203600388602e-02 1.523562561800417825e-02 2.751099240001053658e-03 0.000000000000000000e+00 5.968152846008933921e-03 3.634357655801068177e-02
3.657961963600087074e-02 1.699747759600711561e-02 2.739790451997237142e-03 0.000000000000000000e+00 2.720225004200926833e-02 1.560912077519986951e-01 4.909698339220085472e-01
5.424199497099380096e-02 2.833698029100162330e-02 1.056053860600059124e-02 0.000000000000000000e+00 2.822445239999638034e-03 3.795095243199853030e-02 1.598308423169925163e-01
4.528028730899791299e-02 1.886209077200362572e-02 4.692357547000369777e-03 0.000000000000000000e+00 1.268537944000058815e-02 6.573968065700341867e-02 1.669996886350020304e-01
5.551383623999583961e-02 2.506767484300098658e-02 5.946867853992898745e-03 0.000000000000000000e+00 1.305446125999765172e-02 6.785792842899240895e-02 1.884621823620022951e-01
8.357108733999041306e-02 4.850213381600099183e-02 1.600050759699911396e-02 0.000000000000000000e+00 3.079750634898914541e-02 1.484698620099891286e-01 3.633974281859906341e-01
7.439632928100081699e-02 3.595579815899441201e-02 7.829305697001132103e-03 0.000000000000000000e+00 6.493737024001688951e-03 3.844833732000552118e-02 1.439478294250022827e-01
2.918436886599806712e-02 9.761755944992955847e-03 1.206215479996330942e-03 0.000000000000000000e+00 9.311351576997140000e-03 7.239412012098966898e-02 3.102356208869991860e-01
2.003585679000252640e-02 7.012707515997362862e-03 5.381098060013300710e-04 0.000000000000000000e+00 2.751018827500217867e-02 1.753182471550047694e-01 7.391876926009928184e-01
1.808039479099932123e-02 6.643867275002435235e-03 1.468991441996081448e-03 0.000000000000000000e+00 5.587074817000825533e-03 3.668077248700285509e-02 1.541080677650086272e-01
2.120947954399809987e-02 3.942086226999208520e-03 0.000000000000000000e+00 1.150287113006243089e-03 3.972574428004804759e-03 7.678003736998562090e-03 1.418930576900834239e-02
3.759538410599816416e-02 1.868993889100067918e-02 5.288643073996013300e-03 0.000000000000000000e+00 7.595403202998340930e-03 4.458233792900045955e-02 1.525203731110025274e-01
4.875106599999412538e-02 3.264412245999892548e-02 9.651533205996543074e-03 0.000000000000000000e+00 1.001275776299337394e-02 4.329347065299771202e-02 1.148370233369888638e-01
5.279000470000028145e-02 2.451619357098877572e-02 3.209140333993332206e-03 0.000000000000000000e+00 1.152131226800179320e-02 4.505190323899910254e-02 1.119721279549992232e-01
8.381048095299092893e-02 4.728135444798908793e-02 1.149206624199905491e-02 0.000000000000000000e+00 2.043753512799639793e-02 7.740349764699772095e-02 1.510008653669956402e-01
6.560309343400660964e-02 2.354106136999689625e-02 1.810823248007409347e-03 0.000000000000000000e+00 1.347535685999901034e-02 5.241128456900412402e-02 1.464408558429965979e-01
4.945378206399198007e-02 1.308238273999506873e-02 0.000000000000000000e+00 3.000153908004676850e-03 1.763841382499720112e-02 7.135586130499405044e-02 2.708020111279978437e-01
1.009916352600015443e-01 4.625271571700295681e-02 7.417452094998111534e-03 0.000000000000000000e+00 4.368952030006312270e-03 2.217123993300162965e-02 7.830644165700562098e-02
2.326719232100060708e-02 8.894720040999004596e-03 8.333640420090659973e-04 0.000000000000000000e+00 5.937754675002793192e-03 3.026712550899901544e-02 9.757657975001166051e-02
7.309683720100679238e-02 3.919755438001004677e-02 8.963656403011555085e-03 0.000000000000000000e+00 7.967018572003325971e-03 4.121571123100409295e-02 1.234415967520021695e-01
6.354514605300209951e-02 2.853543748901188337e-02 5.404528469000524638e-03 0.000000000000000000e+00 6.285841131003166993e-03 2.666086433200121064e-02 7.903564544500341071e-02
5.250351009199505370e-02 2.239070601500259272e-02 4.774500275004811556e-03 0.000000000000000000e+00 3.564923702995770327e-03 1.459063871600108087e-02 4.784948635899866076e-02
2.765822870500755926e-02 1.135879583000587445e-02 1.422537113995758773e-03 0.000000000000000000e+00 6.612916093999388067e-03 5.132924752500400700e-02 2.849581973910062516e-01
4.170898668000688758e-02 2.363213617100257125e-02 6.452855952005620566e-03 0.000000000000000000e+00 1.165698786999769254e-02 9.417909114200995191e-02 4.616864453640090460e-01
6.818727180500161467e-02 2.893999235200794828e-02 5.758460902995921060e-03 0.000000000000000000e+00 1.030068310299725454e-02 6.356242998100469777e-02 2.158364496320075432e-01
3.172401256499313149e-02 1.654721284700144679e-02 4.833040660997767191e-03 0.000000000000000000e+00 4.206444545999943330e-03 2.656118199799095692e-02 9.213456779200157598e-02
3.168822582500752105e-02 1.833320458699461142e-02 5.087528979004218854e-03 0.000000000000000000e+00 4.927051787007030725e-03 1.754638479900449965e-02 4.313328120200310423e-02
5.942360646899658150e-02 3.293752036199748545e-02 8.361095017008324248e-03 0.000000000000000000e+00 1.213467473007767694e-03 1.599449227700233678e-02 7.717330956100454387e-02
5.160773918498762214e-02 2.434328577599842447e-02 4.618597303988281055e-03 0.000000000000000000e+00 4.213226984987272772e-03 1.738210546599816553e-02 5.805889921299467460e-02
7.868706121000457188e-02 3.855975435399727758e-02 8.306682343999227669e-03 0.000000000000000000e+00 2.100118286008978430e-03 9.639587123004389468e-03 3.112178180499824975e-02
4.046826364199773707e-02 1.330236304499976541e-02 6.831776260014521540e-04 0.000000000000000000e+00 4.587500735993899070e-03 1.729071399199710868e-02 5.537843860800251150e-02
4.156289741899854562e-02 7.027625424001371357e-03 0.000000000000000000e+00 1.004813479994481895e-04 3.441308520990560282e-03 9.649625649998938570e-03 1.872704550000037216e-02
4.670497497100711826e-02 2.263154797300614973e-02 5.337539115004119594e-03 0.000000000000000000e+00 2.592815755008359702e-03 2.200814380199744846e-02 1.257902523500007419e-01
3.907595466999680411e-02 2.388518839700282115e-02 7.159507306994328246e-03 0.000000000000000000e+00 1.652939557999388853e-03 1.052560652199474589e-02 5.183433171799833872e-02
9.866965787099957197e-02 6.338790912398906130e-02 1.881166881000240210e-02 0.000000000000000000e+00 1.396886236989303143e-03 1.170926488200052518e-02 4.489625938599317578e-02
1.077516441140033976e-01 2.546413798199864686e-02 2.325416880069042236e-04 0.000000000000000000e+00 3.998146065001151328e-03 1.532273606400735844e-02 6.380893982500879247e-02
1.600077327360054369e-01 2.590677799000218329e-02 6.986262480097593652e-04 0.000000000000000000e+00 6.012658174000762301e-03 3.753259382000351252e-02 1.794269355070099436e-01
9.560457935200048496e-01 1.903953223309997611e-01 2.840938004401039052e-02 0.000000000000000000e+00 6.201783687998840833e-03 4.432883605601034560e-02 1.702578116170059275e-01
1.510959983280031338e-01 5.435313983500122959e-02 7.087557676001665641e-03 0.000000000000000000e+00 4.712406865991169980e-03 2.342171249300406544e-02 1.004995126459959920e-01
3.600256155699810279e-02 1.344322725699953480e-02 2.831980246995158268e-03 0.000000000000000000e+00 5.212847183003077589e-03 3.284365801700062093e-02 1.505734238040048467e-01
2.367518883698949139e-02 8.872688727990407642e-03 2.620429651997824294e-03 0.000000000000000000e+00 3.473510099922805239e-04 5.536390252999012773e-03 4.442007726099461706e-02
2.130421090198808542e-02 6.563119900988567679e-03 1.459037870986890084e-03 0.000000000000000000e+00 1.552671529992721844e-03 7.584479538991217851e-03 3.887487328898941996e-02
2.140670635699848390e-02 1.029299788299908869e-02 3.956872562000057769e-03 1.863953979892585266e-04 0.000000000000000000e+00 5.418311751000715049e-03 4.276219747200116217e-02
2.766204701499930252e-02 1.098001206000276397e-02 1.202642719007940286e-03 0.000000000000000000e+00 7.795769460997803435e-03 2.108238821399766039e-02 5.887334651200148983e-02
2.997757300900616428e-02 1.591917073901072399e-02 4.584175193002693049e-03 0.000000000000000000e+00 1.677716483001745473e-03 4.230936167999743702e-03 1.410298570201007351e-02
3.003946739299578894e-02 1.361483019599063482e-02 3.403257407995852191e-03 0.000000000000000000e+00 2.626889789993924751e-03 1.600663787299083651e-02 6.242813634000299317e-02
3.025621777099729570e-02 1.391654070499726004e-02 4.309182355001439646e-03 0.000000000000000000e+00 3.969354708004857457e-03 3.744082700499973271e-02 1.909348144040023953e-01
4.396288242699597504e-02 2.372355757299260404e-02 6.200178066990247316e-03 0.000000000000000000e+00 1.014069748998736031e-02 6.575608893599849125e-02 3.312204272969978547e-01
5.429537195800548943e-02 4.537383609900302872e-02 1.773526822900350908e-02 0.000000000000000000e+00 2.021814919004327749e-03 2.472998717800578561e-02 1.032668838849986059e-01
8.681952494001166087e-03 4.537122732003240344e-03 7.110295129990618079e-04 0.000000000000000000e+00 6.342003496996539980e-03 2.711054958099623491e-02 9.866316725900503570e-02
2.333078898300300352e-02 6.503325935995007967e-03 1.635828372002379183e-03 0.000000000000000000e+00 1.651904054995156912e-03 1.946869311699117588e-02 1.222126507060039557e-01
6.856350861599480595e-02 1.912813772099752896e-02 4.101783655002577689e-03 0.000000000000000000e+00 5.131122009998989597e-03 2.207452035000301294e-02 6.828571324599863601e-02
3.207757967259965426e-01 5.662203607799654037e-02 8.106789919992252180e-03 0.000000000000000000e+00 3.029020608991572772e-03 1.837538037999308926e-02 7.036703866698701404e-02
3.538116416269900810e-01 6.022867743199356028e-02 8.221790806999251799e-03 0.000000000000000000e+00 4.593315125987373904e-03 2.298624100299662132e-02 6.292769055399105582e-02
1.447105698389918871e-01 3.035433884500093882e-02 3.852902438993055512e-03 0.000000000000000000e+00 1.557233066499463803e-02 5.051005608599723473e-02 8.578139897198866493e-02
5.174883727050030302e-01 8.276103504199738836e-02 9.867810074993599301e-03 0.000000000000000000e+00 6.190774728992209930e-03 2.444779261399787629e-02 5.447642979699196530e-02
1.527889207170005648e-01 2.038222989200733082e-02 0.000000000000000000e+00 1.897229656009358223e-03 1.526045887300142567e-02 4.686853097200582852e-02 1.225080212009999059e-01
1.086913402809983609e-01 2.452293005399042158e-02 9.728329333995588968e-03 3.860936447992457943e-03 0.000000000000000000e+00 6.381722508990606002e-03 3.835884986999360535e-02
5.907496369100329048e-02 1.552843992500640979e-02 3.318944309995686126e-03 0.000000000000000000e+00 8.937680310054929578e-04 6.697171610994701041e-03 2.314199542300343637e-02
8.040063531299779243e-02 1.774031950900223364e-02 2.264018575999671157e-03 0.000000000000000000e+00 2.437035405009169153e-03 1.359083285100837202e-02 3.902664348800044536e-02
6.883343851500001165e-02 1.880942214299352599e-02 2.066085452995025662e-03 0.000000000000000000e+00 3.388842069995234851e-03 1.139154308599188425e-02 3.034328716799450376e-02
1.246680555739914098e-01 5.461523250599498169e-02 9.926455738991535327e-03 0.000000000000000000e+00 4.171648834997654376e-03 1.292855217799626644e-02 3.560071278799625816e-02
9.898481605900144586e-02 3.285387060900291090e-02 5.786138213991876000e-03 0.000000000000000000e+00 5.076154682996047995e-03 1.843224144799648911e-02 3.103787156699411298e-02
1.736964404600058742e-01 4.366801867300296180e-02 8.330410043996039349e-03 1.013085369976352013e-04 0.000000000000000000e+00 4.791044323994242404e-03 1.546884321500385795e-02
2.500033501419949289e-01 5.431118168199589036e-02 1.094597094899540934e-02 2.055843655000444414e-03 0.000000000000000000e+00 4.107025557999577359e-03 1.356809991500540491e-02
7.689356924099399748e-02 1.520729005000021061e-02 2.630545445995835507e-03 0.000000000000000000e+00 3.077069479928695728e-04 4.804462140000964609e-03 1.213761386799205866e-02
8.265006639199157235e-02 1.808925943299755090e-02 1.630808401998251611e-03 0.000000000000000000e+00 2.153556210998885945e-03 7.345887192997224702e-03 1.504492647099198166e-02
4.218416650199685591e-02 1.390656486499608491e-02 2.339669612993588999e-03 0.000000000000000000e+00 4.075654654997151738e-03 1.413747445599256025e-02 2.576061791299366632e-02
5.538076285300519430e-02 1.664621603400462391e-02 4.308120893000477736e-03 4.186234200034277819e-04 0.000000000000000000e+00 3.426480205007464974e-03 9.519061168006714979e-03
7.355828169500000513e-02 2.195745915300051365e-02 4.658952219998013788e-03 0.000000000000000000e+00 2.647275088989431424e-03 1.629945482699213244e-02 6.004695924698921772e-02
1.781390456790035159e-01 4.008828616099435749e-02 6.683614216001387831e-03 0.000000000000000000e+00 2.307826885001418304e-03 1.616978020099679725e-02 4.639918482600080551e-02
1.122248934979950263e-01 2.922168067199493180e-02 4.999152522998429049e-03 2.316760849936372324e-04 0.000000000000000000e+00 1.816650563000621332e-03 7.018450754003424663e-03
2.875291523500322910e-02 5.371927992001701568e-03 1.895128380056121387e-04 0.000000000000000000e+00 3.534736049005005043e-03 9.960185940002475036e-03 1.575108023300231253e-02
2.200638798500165194e-02 9.730248476003566793e-03 3.775332312997647932e-03 0.000000000000000000e+00 9.830140350004512584e-04 7.529772677003165882e-03 1.465231632299435205e-02
1.248120889999881911e-02 2.885053669999138037e-03 0.000000000000000000e+00 1.787548959001128424e-03 6.407856662008271087e-03 1.252926790800756862e-02 1.919469189000722054e-02
2.566228726399799598e-02 7.756933389003961565e-03 2.070779847002768292e-03 0.000000000000000000e+00 2.266535867008201421e-03 9.958022858995718707e-03 2.800991578099853996e-02
4.514862131000541012e-02 7.211637729000131003e-03 0.000000000000000000e+00 1.293467734001296776e-03 5.307085204009354129e-03 1.363719818100150860e-02 4.315351475401030257e-02
6.459828356099706070e-02 1.711160791599297681e-02 4.383898010999587314e-03 6.473972100025093823e-04 0.000000000000000000e+00 3.199696900992421433e-03 1.352226806099565692e-02
4.089333390000149393e-02 1.099084442500952719e-02 2.955772339007012306e-03 0.000000000000000000e+00 2.311768907006239715e-03 8.946379903008505607e-03 1.745270638200224766e-02
1.879099697799802016e-02 6.231633637995059871e-03 5.749186939993933265e-04 0.000000000000000000e+00 5.219028582999385435e-03 1.334742646498909835e-02 3.043787308799039693e-02
1.518410418499627212e-02 8.951412559994764706e-03 3.877705049987412167e-03 2.543754360004868431e-04 0.000000000000000000e+00 3.263838601995416866e-03 7.999128746988048988e-03
3.173088466100182359e-02 6.306179660001021148e-03 0.000000000000000000e+00 3.024619599003131043e-03 1.171236508500328455e-02 2.382006223899679753e-02 3.536929902099927858e-02
1.608873596679956108e-01 3.946959268900229745e-02 1.005097394100573638e-02 0.000000000000000000e+00 1.059079068400592405e-02 1.189669016859937756e-01 8.502973443749937132e-01
9.617949657399549324e-02 3.006826063300138685e-02 8.571394367990592400e-03 0.000000000000000000e+00 1.663439503299457556e-02 1.529312398529896200e-01 8.146716627040007097e-01
5.568469681099941226e-02 2.959560316300269278e-02 6.544167189005634100e-03 0.000000000000000000e+00 2.012776058799659040e-02 1.214884944379974741e-01 4.456550991710059861e-01
9.460686007800234165e-02 3.777303089898964572e-02 7.947334595996835560e-03 0.000000000000000000e+00 5.254720065991591582e-03 4.381684463498913829e-02 1.938516911010026433e-01
5.814700429000652093e-02 1.690939744500497000e-02 1.087923195001394561e-03 0.000000000000000000e+00 3.245977486200501971e-02 1.555078136580050341e-01 4.518975203340005464e-01
8.374242034099665943e-02 2.734085201599611992e-02 7.144125235001297369e-03 0.000000000000000000e+00 5.518065166995711479e-03 4.775134925100132932e-02 1.799253329139958169e-01
3.708380728099314183e-02 1.516171867899629433e-02 3.303839181000967073e-03 0.000000000000000000e+00 3.146606451799982551e-02 1.758915803140013168e-01 5.092802122609896287e-01
6.959379256099396116e-02 2.713978480299772400e-02 5.439854577005576175e-03 0.000000000000000000e+00 1.523485120199552512e-02 1.063077613870007099e-01 3.745909572789969388e-01
1.005362417989914547e-01 4.940474298599895064e-02 1.292894193399263258e-02 0.000000000000000000e+00 3.417456868199053588e-02 2.170335282019948409e-01 6.958575044070016702e-01
1.088938923240050372e-01 3.416145495199884863e-02 8.908279246995221001e-03 0.000000000000000000e+00 5.599050162004459708e-03 6.060084026400147650e-02 2.226677407030024369e-01
8.153826772999650530e-02 2.759648817900028916e-02 3.938220631994227006e-03 0.000000000000000000e+00 1.660867247500164012e-02 9.227974457900245397e-02 3.175049960439935148e-01
9.357463590099257544e-02 3.793022572399706860e-02 8.048756167994497446e-03 0.000000000000000000e+00 5.854419038996638847e-03 3.301956399199923453e-02 9.452744604699603315e-02
8.028212572300219563e-02 2.968225329300366866e-02 1.651714945992921457e-03 0.000000000000000000e+00 7.106956754000748333e-03 1.389547792699374895e-02 2.136316450200581585e-02
1.024635222880050378e-01 4.656121225200138269e-02 1.065709815199511468e-02 0.000000000000000000e+00 1.958406332008166828e-03 1.191012164700566700e-02 3.619239556300613003e-02
7.868999113900088105e-02 2.543306164599812291e-02 2.399825538006439274e-03 0.000000000000000000e+00 5.419222238998600005e-03 2.221157074900759198e-02 7.132428423300041231e-02
1.969354923080004482e-01 9.171057200499888040e-02 2.093758517999333435e-02 1.262501144992711488e-03 0.000000000000000000e+00 4.258214649993874445e-03 1.698305940900013411e-02
1.185158833799988543e-01 5.886050315500312990e-02 1.285904655399860985e-02 0.000000000000000000e+00 1.435923416991613522e-03 7.600063626995279265e-03 1.729222989899881213e-02
7.963612369600525653e-02 3.629948208900657391e-02 7.689244575004750004e-03 0.000000000000000000e+00 1.529794228005698642e-03 6.842409572996643874e-03 1.580622853600743838e-02
3.670866063299627058e-02 1.037553385400258321e-02 1.578985179975234132e-04 0.000000000000000000e+00 3.521797597997533558e-03 9.506062607997023406e-03 1.880481908399644908e-02
3.114640440600169313e-02 5.591057562995160879e-03 0.000000000000000000e+00 2.563528994997454902e-03 8.674476737994041287e-03 1.767379329599805260e-02 2.948869167599355023e-02
8.161115451301270696e-02 2.700916288200971849e-02 2.865595047012448049e-03 0.000000000000000000e+00 6.509578421002970572e-03 2.145180433100790651e-02 5.086796628100387352e-02
2.007185468360006553e-01 9.219501176799838049e-02 1.964235877500186689e-02 0.000000000000000000e+00 2.667777045004982028e-03 1.167268536400456469e-02 3.445242934999726003e-02
6.644848391800906029e-02 2.219470315000648952e-02 3.605383134001272083e-03 0.000000000000000000e+00 4.943579119000673927e-03 3.121776732000114407e-02 1.557473992100000260e-01
1.718862719600053879e-01 9.494342803000677122e-02 2.539642047300105787e-02 0.000000000000000000e+00 4.165451361004102182e-03 3.633528741599434397e-02 1.726968535759993983e-01
5.221529564299487447e-02 1.877789691499742730e-02 3.940171599481345766e-05 0.000000000000000000e+00 4.289680760699354778e-02 3.103499389869881497e-01 1.050613974813998652e+00
4.953691400899629116e-02 1.516796631800332307e-02 1.702297129000385212e-03 0.000000000000000000e+00 9.152471077996437998e-03 8.163237545700496867e-02 5.656859534390008548e-01
5.800195584799894277e-02 2.153278551800497098e-02 4.288960205002467774e-03 0.000000000000000000e+00 1.073123978000012357e-02 7.854339448900304888e-02 4.688776347690009061e-01
7.512027989599801003e-02 4.484207987999866418e-02 1.208161901300286445e-02 0.000000000000000000e+00 3.943925548995252939e-03 2.886830680699858931e-02 1.607714611409960526e-01
1.213565010999673177e-02 5.600030561993207812e-03 1.516715378997446351e-03 0.000000000000000000e+00 6.834151955999345773e-03 6.103173368400405252e-02 2.784356446509974603e-01
9.179446274004021689e-03 7.309027466007478324e-03 3.458214686006044758e-03 0.000000000000000000e+00 2.626020543004869978e-03 3.119966521900607859e-02 1.395951036260072442e-01
2.406265006199248546e-02 1.546786131299882072e-02 5.247230262995117300e-03 0.000000000000000000e+00 5.257222150021334528e-04 1.727225921899844252e-02 9.843876176999799554e-02
1.394713151999837919e-02 8.034652247999929386e-03 1.250941373996283801e-03 0.000000000000000000e+00 1.386398310999936712e-02 8.916344205799475731e-02 4.153870404419990336e-01
1.674837972601039837e-02 1.063264545101105796e-02 3.171156261998930859e-03 0.000000000000000000e+00 6.688275388000874955e-03 5.029938718099913331e-02 2.756314368140095894e-01
9.646982176008123133e-03 1.408892978005837904e-03 0.000000000000000000e+00 6.179071449992079579e-04 3.347380060006344138e-03 3.002751664000413712e-02 1.791683849360055092e-01
2.110807299000327930e-02 1.442369095700257731e-02 5.026243948009323503e-03 0.000000000000000000e+00 1.369108754900594249e-02 1.219279314520065327e-01 1.137415671184001553e+00
1.786441401500837856e-02 4.720230111004752871e-03 5.889325429961900227e-04 0.000000000000000000e+00 5.254060460003984190e-03 4.957141247400898010e-02 2.603353715700080784e-01
5.430035380599917971e-02 1.174544330099536182e-02 2.053333527001655057e-03 0.000000000000000000e+00 4.284023709999473795e-04 1.423047527499932130e-02 8.985168309298785516e-02
2.454247266199161004e-02 4.602672546994313052e-03 0.000000000000000000e+00 1.071045846003926272e-03 1.423697550899305497e-02 6.708084010199399927e-02 1.998202389929986111e-01
2.551784150199409851e-02 5.661895048987730661e-03 0.000000000000000000e+00 3.612207769947417546e-04 9.340272815990147137e-03 4.478818301599574170e-02 1.308718971079940729e-01
2.123889085849981484e-01 7.260944363800092560e-02 1.881442873600747134e-02 0.000000000000000000e+00 2.078337567199639579e-02 1.887501117260086403e-01 8.461150144130016315e-01
1.036895093450027616e-01 4.158747812900287499e-02 1.230156448600894237e-02 0.000000000000000000e+00 8.483859774997881686e-03 8.497003357300059179e-02 3.458598894640090293e-01
1.937467786770099565e-01 7.563809080500050186e-02 2.047898996600849841e-02 0.000000000000000000e+00 3.904744488011147041e-03 8.551179150600773937e-02 3.922057173390101070e-01
1.400937696849950953e-01 5.417581327400000646e-02 1.347093763499174202e-02 0.000000000000000000e+00 4.996450753399983569e-02 2.748812489099918821e-01 7.362159266860004436e-01
1.800137513420025925e-01 5.379151968300277531e-02 1.054365330600148809e-02 0.000000000000000000e+00 1.333834251400389803e-02 8.925540325900271910e-02 2.479489613380110313e-01
2.481350787709999395e-01 5.000947467900118681e-02 8.297022263008102527e-03 0.000000000000000000e+00 1.184750535500711521e-02 8.513432764500805661e-02 2.752435927610008548e-01
2.996984460049958443e-01 6.579495909200261394e-02 8.348044127998832664e-03 0.000000000000000000e+00 1.005051918799892974e-02 1.013856755329953785e-01 5.114780817639967836e-01
2.616046161080021193e-01 5.991456651101145781e-02 4.826208621011573996e-03 0.000000000000000000e+00 6.576147933003539947e-03 4.578480393200834442e-02 2.146760547570067956e-01
4.738030523830047969e-01 1.809615359189962192e-01 3.685527340699934484e-02 0.000000000000000000e+00 2.056990197999652992e-03 5.701426746000493040e-02 3.487774082069989845e-01
9.431280845500111809e-02 2.812866286200232935e-02 3.834685643994362181e-03 0.000000000000000000e+00 2.774459036599807860e-02 2.116665127770005483e-01 9.009559927479955377e-01
1.839679316399980280e-01 5.824157226798831744e-02 1.066624165498808452e-02 0.000000000000000000e+00 1.944703701599337364e-02 1.545791191069980641e-01 6.334568409439924608e-01
2.943169145900128569e-01 1.021610532490058176e-01 1.656871657100111861e-02 0.000000000000000000e+00 7.031419010004924530e-03 5.463482934599994678e-02 2.358913908460067432e-01
8.840551638989921912e-01 2.321152596109925526e-01 3.317144362299018212e-02 0.000000000000000000e+00 2.727318994199379176e-02 2.145860359329958555e-01 1.566252054049002140e+00
1.805547164339884603e-01 4.374648464299468742e-02 4.102404907001755419e-03 0.000000000000000000e+00 1.293454932299198390e-02 1.082877059519944396e-01 5.219525147859940262e-01
2.519928701400004911e-01 7.688868264600046132e-02 1.241956554099488130e-02 0.000000000000000000e+00 2.084461836599871276e-02 1.770634061650042668e-01 1.029576924395996684e+00
2.219938262179965704e-01 7.876679161898891834e-02 1.011267514999758532e-02 0.000000000000000000e+00 2.673037591799243273e-02 2.171986425539955690e-01 1.811905422105994035e+00
1.187918052270049429e-01 6.391550350299723959e-02 1.620923829200648925e-02 0.000000000000000000e+00 3.359267670900578651e-02 2.940470428220010035e-01 2.075878083958002662e+00
8.744634277599061534e-02 4.181666593099464535e-02 7.879147094001837104e-03 0.000000000000000000e+00 1.327313328999935038e-02 1.229069528759936247e-01 9.197966057409985297e-01
2.149956974700018009e-01 6.916929613399247501e-02 7.775171972994598946e-03 0.000000000000000000e+00 1.711998433299299904e-02 1.313406577420010990e-01 7.711134290280057257e-01
1.172075081540100427e-01 3.934513574300524397e-02 5.338824741002667906e-03 0.000000000000000000e+00 2.576331875005166694e-03 3.081930301300417341e-02 2.280387422420062649e-01
7.045395681799959675e-02 1.890168673099879015e-02 0.000000000000000000e+00 3.780947979947768545e-04 9.079737413998145712e-03 5.598545945299804316e-02 3.342620822499924316e-01
3.494273000650025551e-01 1.628185238340051910e-01 3.918110001400521014e-02 0.000000000000000000e+00 1.295984767011759686e-03 4.433219221699857826e-02 2.981634595280127087e-01
1.237554415650095052e-01 6.049479700099880120e-02 1.426400647800107890e-02 0.000000000000000000e+00 2.312807331500721375e-02 1.793791509130073791e-01 9.538107882810038518e-01
6.292938430600258926e-02 3.456621832799555705e-02 9.002581027999667640e-03 0.000000000000000000e+00 1.150533474100257081e-02 8.002272641600427505e-02 3.736334685259947719e-01
1.479236719269891864e-01 6.447287971199955336e-02 9.961505017997751565e-03 0.000000000000000000e+00 2.394497886299973288e-02 1.406880482440016067e-01 6.033390990959901501e-01
2.480144513800013328e-01 1.099723511370029883e-01 2.200049011401006283e-02 0.000000000000000000e+00 3.798742696400836394e-02 2.262246692290119654e-01 1.014345381375008515e+00
5.043464853599743947e-02 2.083088645800046379e-02 5.639998043989180587e-03 0.000000000000000000e+00 8.366989791994683401e-03 7.293689771499600738e-02 3.605154821609914961e-01
1.706867445599868915e-02 7.918893793004144754e-03 2.011508018000540687e-03 0.000000000000000000e+00 9.523900697004705762e-03 8.846525754800893537e-02 4.891891090369995254e-01
2.753028931800827195e-02 1.704658241000345242e-02 5.798671223004703279e-03 0.000000000000000000e+00 5.531457483996859992e-03 3.738500366999630842e-02 1.736375791549988890e-01
9.102725507005970940e-03 2.828426705008268982e-03 0.000000000000000000e+00 4.455579610009863245e-04 8.469262810010036446e-03 5.759936160100664893e-02 2.814119606580050004e-01
6.995569919993727126e-03 4.041871978003541699e-03 1.275259717999688291e-03 0.000000000000000000e+00 3.226236784996672213e-03 3.295599508000179867e-02 1.976314350179961821e-01
2.040611018399829391e-02 1.408314220999784538e-02 5.500544986006161707e-03 0.000000000000000000e+00 9.778129270046065358e-04 2.500103232499384376e-02 1.216290541260036662e-01
3.672044256200024392e-02 1.395005980700148029e-02 2.188092240999139904e-03 0.000000000000000000e+00 5.241123993002361203e-03 3.759772639099878688e-02 1.765814432630037345e-01
8.750001211799940393e-02 4.716056606399376960e-02 1.232549138499905439e-02 0.000000000000000000e+00 6.739300779997847712e-03 7.621767643399834924e-02 4.235460224779927785e-01
9.572450479500105303e-02 4.234204236199445859e-02 9.486290468998959113e-03 0.000000000000000000e+00 1.401833597499546613e-02 1.023212431159947755e-01 4.879040196580035627e-01
3.889590354680052542e-01 7.773920460900285434e-02 1.204837067099617798e-02 0.000000000000000000e+00 3.181217980028350212e-04 1.832403228199552814e-02 8.216455801300526218e-02
2.359624963999351621e-02 7.304310770990696255e-03 5.730395169933899524e-04 0.000000000000000000e+00 4.177044518996808620e-03 1.097542054799305333e-02 1.680441013499489600e-02
2.001430321199393347e-02 3.466212392993384128e-03 0.000000000000000000e+00 3.162650603002248317e-03 1.012654708100058087e-02 2.044021985599897562e-02 3.295818586799725836e-02
1.833536745739934304e-01 3.887292279999599032e-02 5.196917356997232673e-03 0.000000000000000000e+00 2.346241392004344561e-03 1.324648083399893039e-02 3.859164413300675278e-02
3.700738449010003706e-01 1.136746539689994506e-01 1.763233152199461529e-02 0.000000000000000000e+00 3.330581037999991167e-03 1.351271033099976648e-02 3.162282635800295338e-02
1.078659979645010480e+00 1.143994478200056619e-01 8.035684803004983223e-03 0.000000000000000000e+00 3.404131099600249399e-02 2.125680689440088145e-01 1.216804781115001788e+00
6.638492500729995527e-01 2.047188375209998412e-01 3.251021439099588406e-02 0.000000000000000000e+00 1.077232485700108100e-02 7.627746530999957031e-02 2.935956757149966734e-01
3.194382395840023037e-01 9.868433731199388603e-02 1.753008798300470517e-02 0.000000000000000000e+00 1.351011544997504643e-03 1.292161796399682316e-02 4.631503586300311781e-02
4.650337401130002490e-01 1.240372980710020556e-01 1.958239708100961707e-02 0.000000000000000000e+00 3.877854682002634945e-03 1.509892452600070101e-02 3.613929918600433666e-02
2.034897346500059712e-01 6.598803470100733648e-02 1.056956814700527048e-02 0.000000000000000000e+00 5.178350594007952168e-03 2.636919652400138148e-02 1.096254364770032907e-01
7.729894276799598174e-02 2.501690545199153348e-02 5.999959405997401518e-03 0.000000000000000000e+00 1.032098968700267960e-02 9.460896636099391799e-02 4.206779568239937817e-01
5.337311309699543926e-02 2.121443546199941466e-02 8.314281774005394254e-03 0.000000000000000000e+00 4.243743366998842248e-03 4.472812449499485865e-02 1.583699841609984560e-01
1.542033291400457529e-02 7.753659143006075283e-03 0.000000000000000000e+00 6.562071969966609686e-04 3.620238749400073175e-02 1.822027005299986513e-01 4.967773796279999488e-01
8.543578523999428853e-02 4.659477400799971747e-02 1.188844341200478993e-02 0.000000000000000000e+00 2.250719855599925268e-02 1.349320112999947696e-01 4.138357031680044429e-01
2.047454492180094121e-01 4.268830707000859093e-02 7.400082069011659769e-03 0.000000000000000000e+00 3.542657624009848405e-03 1.379295385200407509e-02 2.802303480200407648e-02
7.202230906699469415e-02 1.882527414299772772e-02 3.801691807993279326e-03 0.000000000000000000e+00 2.581825050000929878e-03 1.052592574100685852e-02 2.284578934199998912e-02
6.084114979900334674e-02 1.209278631300492179e-02 1.986344610003243361e-04 0.000000000000000000e+00 4.981760131997248209e-03 3.380427683899256408e-02 1.897083962950034675e-01
1.329121636329944067e-01 4.384519398099939735e-02 9.274367087002133303e-03 0.000000000000000000e+00 3.572446527002171024e-03 3.064953105399581545e-02 1.517091808149899634e-01
3.784781456719912285e-01 8.960322007399668109e-02 1.011226595198877476e-02 0.000000000000000000e+00 9.711939608990860506e-03 2.111525224499644082e-02 2.400413198299133910e-02
6.509826262219888804e-01 1.428365883299989036e-01 1.678735072098902492e-02 0.000000000000000000e+00 1.908788730699484404e-02 1.271732647929866289e-01 7.378403510979865132e-01
2.916518167190105260e-01 3.993918277301133912e-02 1.327908410075906431e-04 0.000000000000000000e+00 9.980922799002200918e-03 1.849785091900457701e-02 2.052823137000814313e-02
1.358166803209996942e-01 2.641385401599904981e-02 1.076562289995308674e-03 0.000000000000000000e+00 3.397619553399522374e-02 2.515964674730071238e-01 1.154171433116005119e+00
8.385657832799608968e-02 1.621248220199333900e-02 0.000000000000000000e+00 6.925218710023273161e-04 1.995371284399993783e-02 1.277456467680053720e-01 6.448336126319986761e-01
3.928526821800915059e-02 8.167475585011629846e-03 9.194157580054707068e-04 0.000000000000000000e+00 7.057302632006212662e-03 4.974915296200776993e-02 2.645189561850003201e-01
2.501454574399986086e-02 4.743473932009578675e-03 4.035119980017043417e-04 0.000000000000000000e+00 9.327969346003328610e-03 7.761780264500828252e-02 4.205067386809986374e-01
9.673982329800878688e-02 2.824433470300391491e-02 7.664559288002692483e-03 0.000000000000000000e+00 2.772520142002576904e-03 2.851037159800284826e-02 1.434258696960029056e-01
7.298283724800569416e-02 1.891610745799710003e-02 6.202019202007136300e-03 0.000000000000000000e+00 7.837225700058070288e-04 1.452412359799382102e-02 7.601807100699886632e-02
2.409994198400511323e-02 1.082192727399444721e-02 3.590266439999822978e-03 0.000000000000000000e+00 4.784587941003337619e-03 5.146393995499920493e-02 3.196872553139940010e-01
3.315577837800276484e-02 1.088951371200153062e-02 3.103280769011007578e-03 0.000000000000000000e+00 4.094603926006357142e-03 2.656237038701192432e-02 1.279007708860007142e-01
5.905078755000658930e-02 1.086312509700348983e-02 2.622214035000069998e-03 0.000000000000000000e+00 4.213375990076428934e-04 8.843710131003490460e-03 5.908780770900534662e-02
1.355204622700512118e-02 9.247341551997578790e-03 3.965516571994953665e-03 0.000000000000000000e+00 2.900749733001362074e-03 3.483314313399432649e-02 2.238596930440053256e-01
1.796652678700638717e-02 7.377003430008244322e-03 1.516298869006504901e-03 0.000000000000000000e+00 5.592028571001605997e-03 2.973610114000280191e-02 1.201043319099994733e-01
4.602065040700153986e-02 1.790233419900744138e-02 4.514904008999565121e-03 0.000000000000000000e+00 2.375743404996910613e-03 1.492477266300795691e-02 5.464019771200412379e-02
1.611600568000426392e-02 5.265615924997746333e-03 5.677337209988309041e-04 0.000000000000000000e+00 2.150512333997767200e-03 8.070021158999907129e-03 2.337809558599701631e-02
7.552134324299686341e-02 3.895393403999491966e-02 8.808813935999637579e-03 0.000000000000000000e+00 3.358359778999897571e-03 1.277006544900416429e-02 2.347204040900408017e-02
1.977678653000225495e-02 7.351422352996905829e-03 0.000000000000000000e+00 1.818233719887984989e-04 6.602586385994868579e-03 2.875485628699436802e-02 1.193728856519982173e-01
4.505181552501369424e-02 1.888941564800461492e-02 3.826554910006052523e-03 0.000000000000000000e+00 1.163216872001271440e-03 8.665530826007739051e-03 4.022810797100362379e-02
1.243619031799880759e-02 4.245221023992939990e-03 3.481034350016898316e-04 0.000000000000000000e+00 3.394870541995942403e-03 1.115716094000163139e-02 3.527203794999422826e-02
1.217687217300067459e-02 3.382516887995734578e-03 1.305763769892109849e-04 0.000000000000000000e+00 2.720189882992940511e-03 1.438649415499071438e-02 5.947717292299614655e-02
4.869227668299913603e-02 2.384037643599867806e-02 6.975201936000985370e-03 0.000000000000000000e+00 3.844742805995338131e-03 4.921893093600715474e-02 1.799601319389978471e-01
1.625878443800843343e-02 8.395380080997938421e-03 2.811528622004288991e-03 0.000000000000000000e+00 1.686854205004806317e-03 1.966566976899741803e-02 1.084445728429983546e-01
2.742352815299398117e-02 1.276889954399962335e-02 2.705266367996728150e-03 0.000000000000000000e+00 3.826679241001329501e-03 1.373710942000627711e-02 4.706726217999346318e-02
1.500052027100196028e-02 6.419336824009747033e-03 4.710570370036748500e-04 0.000000000000000000e+00 5.942182361010850400e-03 3.476359697700104334e-02 1.198246448600031044e-01
1.749932549600430320e-02 1.049859941100805827e-02 3.316856121998057461e-03 0.000000000000000000e+00 6.028640408004548590e-03 3.908806729900504706e-02 1.164804177670077934e-01
1.451594355999930031e-02 9.163858945996139482e-03 3.200334008994332180e-03 0.000000000000000000e+00 2.876428630997907021e-03 2.295297105399640714e-02 7.207607780900104899e-02
2.279185982099818375e-02 1.322312669900327364e-02 3.572411030006605870e-03 0.000000000000000000e+00 9.509783403004234970e-03 6.253513214500117101e-02 1.827705307090070619e-01
2.559464282799694956e-02 1.318742512600579175e-02 2.757554123007821545e-03 0.000000000000000000e+00 1.906092749599963554e-02 1.040460872110031687e-01 2.808314566740079954e-01
1.527310125500491722e-02 7.505046947997584539e-03 8.108525360057683429e-04 0.000000000000000000e+00 2.194106710700793883e-02 1.274674833330067258e-01 4.194294043100086355e-01
4.572959062002723840e-03 1.470725027004959884e-03 0.000000000000000000e+00 3.998265340072748586e-04 1.128852760400889110e-02 6.770524297100166677e-02 2.619249450590075412e-01
8.818338768008970874e-03 3.446151028001054328e-03 7.861679730041259972e-04 0.000000000000000000e+00 8.690123868007049168e-03 8.046568164600387263e-02 4.596524824370078477e-01
9.258583619995874869e-03 3.480718947002969799e-03 3.289126420042975951e-04 0.000000000000000000e+00 1.705737480999403033e-02 1.544941099130028306e-01 1.834349723049001568e+00
1.487759723700321501e-02 8.095583778001014252e-03 1.935851029003288204e-03 0.000000000000000000e+00 1.518325929600905511e-02 1.351651909710085420e-01 7.878962895440082548e-01
1.585424023700454654e-02 7.292436507000843449e-03 1.538311542006454147e-03 0.000000000000000000e+00 4.703584975999319795e-03 5.220694935300684847e-02 3.563410058780078771e-01
3.599683553400723213e-02 1.471732802400538276e-02 3.245646755004827355e-03 0.000000000000000000e+00 7.242586602004053020e-03 7.782182712000462743e-02 5.099745968920075256e-01
1.730107163699301509e-02 9.671132650993286006e-03 2.589225242004999927e-03 0.000000000000000000e+00 1.854915827300374076e-02 1.075074744420021489e-01 3.887793317710048768e-01
3.953925442201011720e-02 1.167451687300058438e-02 0.000000000000000000e+00 3.469169530063709317e-04 1.082089334600766506e-02 5.223061474600854126e-02 2.365269338060045357e-01
3.719436183899915704e-02 1.665509201900761127e-02 4.036936772010335517e-03 0.000000000000000000e+00 1.040913791001685240e-03 4.939167537003186226e-03 1.617178117200523957e-02
7.008383395600503718e-02 3.007740977099615520e-02 4.980268389005004792e-03 0.000000000000000000e+00 6.795840188004831361e-03 2.017778709199546938e-02 3.275790057699623503e-02
6.335898276000762053e-02 1.901281812200750210e-02 4.856563840007765975e-04 0.000000000000000000e+00 9.918020916003911225e-03 2.861675077200231954e-02 4.833613721800134044e-02
4.893684449599788877e-02 2.053163209599517813e-02 4.001369167994539566e-03 0.000000000000000000e+00 4.977284484994015656e-03 1.858893286799911948e-02 3.679457672299690785e-02
2.832022974699555107e-02 1.320747133699740061e-02 3.247099969996725122e-03 0.000000000000000000e+00 4.339477987002737791e-03 3.142183618399485567e-02 9.646396650099120507e-02
2.287078564800992808e-02 1.028509987899894895e-02 3.523457463998624917e-03 0.000000000000000000e+00 2.245388033003337114e-03 1.390754311300668178e-02 2.860450353500709753e-02
2.007950204300357200e-02 1.378342492300532740e-02 5.861256049001895008e-03 0.000000000000000000e+00 6.874201464000861961e-03 2.590931179901190262e-02 3.852411177901160499e-02
2.392835789899550036e-02 1.463572670199653203e-02 5.675516078994746749e-03 0.000000000000000000e+00 1.879304200002707148e-03 8.904633892001356799e-03 1.439562946200112492e-02
2.655274664300577570e-02 1.358085556499588620e-02 4.646310032995870642e-03 0.000000000000000000e+00 1.223814867998385125e-03 7.749773794998304766e-03 1.537967816399543608e-02
1.184672809669962135e-01 5.805971228200235146e-02 1.260654413100326110e-02 0.000000000000000000e+00 1.357632550100618118e-02 7.753543963299591724e-02 2.291298985350067596e-01
3.519127685500222924e-02 2.129324548499766934e-02 1.123673109000833392e-02 0.000000000000000000e+00 2.876858789008451822e-03 3.439330814300944894e-02 7.862817935200894226e-02
2.986102693189991442e-01 1.004105600789984010e-01 1.459425556699045501e-02 0.000000000000000000e+00 1.615600447799181438e-02 1.035389596730027506e-01 3.734696246220039484e-01
2.905304593929969315e-01 8.961493774100404153e-02 1.109219909599801213e-02 0.000000000000000000e+00 8.765556396994611532e-03 4.764820336599484563e-02 1.506264099329968076e-01
1.573156553869949903e-01 5.908009449998985474e-02 1.157172718299648295e-02 0.000000000000000000e+00 7.669497340003772479e-04 5.476235221991032631e-03 1.955678657699877476e-02
1.549352484580026612e-01 7.838051993300609865e-02 1.754531974100359548e-02 0.000000000000000000e+00 5.757831567009930041e-03 2.549159122700928037e-02 7.436391418001164766e-02
6.485194742600697282e-02 1.373623140599988801e-02 1.863108662007562089e-03 0.000000000000000000e+00 6.490667860106213993e-04 1.347843874501108985e-02 4.712303639099957309e-02
1.242815308199993751e-01 3.446017199499351591e-02 5.272330362998900455e-03 0.000000000000000000e+00 1.008561566699484047e-02 6.617757104500299192e-02 1.913545604019901702e-01
8.399009834398896146e-02 2.838640125399649605e-02 4.116441505999546280e-03 0.000000000000000000e+00 1.885355238400165945e-02 1.179019114959913850e-01 3.642361043079915817e-01
1.327188535649952428e-01 5.232128082998599439e-02 9.470616856987135179e-03 0.000000000000000000e+00 1.258026804099188212e-02 7.992250061698769059e-02 2.256776116499992213e-01
6.134961285899009908e-02 1.841132718199389728e-02 1.709512763994780471e-03 0.000000000000000000e+00 1.361131840299378837e-02 6.480824773299787012e-02 1.501520059339895852e-01
3.850165667400062830e-02 7.176883681992762831e-03 0.000000000000000000e+00 2.096429695995993825e-03 1.335716126699537654e-02 3.966576647199815397e-02 6.840472643300188338e-02
7.240199735198871167e-02 2.476575311499118470e-02 5.051823769989027824e-03 0.000000000000000000e+00 5.586446454998394984e-03 3.772603802499929770e-02 9.384067064699763705e-02
9.711706564399946728e-02 4.328989107999348107e-02 7.236714352998774302e-03 0.000000000000000000e+00 2.185127772199280116e-02 8.119311392599115607e-02 1.577836754629942106e-01
2.693053069990014592e-03 1.556588484987742049e-03 2.694037739985333246e-04 0.000000000000000000e+00 8.527646246989206702e-03 3.905021139799202956e-02 8.062758432699013156e-02
3.983938674991804874e-03 2.476594297988299331e-03 1.219238719997406406e-03 0.000000000000000000e+00 2.923642287996131017e-03 2.316572342199663126e-02 6.680987998299769970e-02
3.853928589990118780e-03 2.313606229904507927e-04 0.000000000000000000e+00 5.880349489899572291e-04 5.720888553000236243e-03 2.548725319699940428e-02 5.973490967299710519e-02
1.257375771800184339e-02 5.420028680006794275e-03 2.010345287999371067e-03 0.000000000000000000e+00 4.919290865998959816e-03 2.648935175000133313e-02 5.558141973300223526e-02
4.526956373300095038e-02 1.479494648501145093e-02 1.502317116006679498e-03 0.000000000000000000e+00 5.174305065011708393e-03 2.162897456400969531e-02 4.827719701400212671e-02
9.382175154996730271e-03 5.303054309990784532e-03 2.557254240997508532e-03 0.000000000000000000e+00 1.157765621996986738e-03 1.761332720499808602e-02 5.599927784999181313e-02
3.196883824099927551e-02 1.254123322300415566e-02 1.804685408998807361e-03 0.000000000000000000e+00 2.350961515006133595e-03 7.319341234008902575e-03 1.547462450500347586e-02
3.836750225799789860e-02 1.696741797499612403e-02 3.198524658998280756e-03 0.000000000000000000e+00 2.281561141998622588e-03 8.807384647994354054e-03 3.178889450700239649e-02
3.319237400999952570e-02 1.111563180899111103e-02 2.443099277996907404e-03 0.000000000000000000e+00 2.693415583799207980e-02 1.595197154589982347e-01 5.496652442219982504e-01
6.608229809600629778e-02 1.065595569799882014e-02 2.224128981993089837e-03 0.000000000000000000e+00 6.749323216993730057e-03 5.343191456499596370e-02 1.723790600020009833e-01
3.589007360099571997e-02 8.263593466992347203e-03 2.490341807998674994e-03 0.000000000000000000e+00 2.160808921999546328e-03 2.753244063599424862e-02 1.137219534819990940e-01
2.952573350098930405e-02 9.113084324994247254e-03 2.922556940987419694e-03 0.000000000000000000e+00 1.033482187699519272e-02 9.726967115298634781e-02 4.102803577849982730e-01
1.092474878820013373e-01 4.823068316299838898e-02 1.151692861199649087e-02 0.000000000000000000e+00 4.695939472000532078e-03 5.242518412600816191e-02 2.242134895190019961e-01
5.672748232996127626e-03 3.342732039897100549e-04 0.000000000000000000e+00 3.183236299975078509e-04 6.265238617999102644e-03 2.172991999599105384e-02 3.707823112499397666e-02
5.694475210006544330e-03 8.953429630054188237e-04 3.195203930062007203e-04 0.000000000000000000e+00 3.496946388011679119e-03 1.549664904500502871e-02 2.904248253800290058e-02
1.076344242299853704e-02 0.000000000000000000e+00 8.869559409987459730e-04 3.379334797998012618e-03 6.678596209994225319e-03 1.048381805799181166e-02 1.369491382600074303e-02
8.704034645006686333e-03 0.000000000000000000e+00 1.202940351006986930e-03 3.172368407007297719e-03 5.116271464999044838e-03 8.640106967007454841e-03 1.982272721799915871e-02
1.201018995800495759e-02 0.000000000000000000e+00 6.922382040102093015e-04 3.497859317008078506e-03 6.831364607009504653e-03 1.576553828100202281e-02 4.773954135799840515e-02
1.870683355580098350e-01 4.771397632200091721e-02 8.755324512009110549e-03 0.000000000000000000e+00 3.462884281006495257e-03 2.554710451300934437e-02 7.568566084800920635e-02
1.753976472500085038e-01 6.685472970100647672e-02 1.537190208300387440e-02 0.000000000000000000e+00 1.264825879005115894e-03 4.264164544500204101e-02 3.442734113289986908e-01
1.269932924870005309e-01 5.870420866899905832e-02 1.557742340699519445e-02 0.000000000000000000e+00 7.550178249999817126e-04 3.986975045499718817e-02 2.801742292270006374e-01
8.372162081100498199e-02 3.799022555999442829e-02 7.449558581996029716e-03 0.000000000000000000e+00 3.827692252997394462e-03 1.834052730200141923e-02 6.610929944000076830e-02
1.109904104869912089e-01 2.810437053499015292e-02 7.036001740999608955e-03 0.000000000000000000e+00 1.823994913991100475e-03 1.391743467600292661e-02 2.793007543100145540e-02
6.856135509700322928e-02 2.327152299299939386e-02 3.739894974998492216e-03 0.000000000000000000e+00 3.151673559899847987e-02 1.192347687729977679e-01 2.094510519419969796e-01
6.409441852800057404e-02 1.949177074899921536e-02 4.181327167003701106e-03 0.000000000000000000e+00 4.099372265002898530e-03 1.613717948100656940e-02 3.353066874700516564e-02
8.105731823339965558e-01 1.362280648710054720e-01 1.575636799499591234e-02 0.000000000000000000e+00 5.722162801006902555e-03 2.229952689999947779e-02 6.114874362000932706e-02
5.364120734700037474e-01 1.118332423190082636e-01 1.299621891000413143e-02 0.000000000000000000e+00 5.154137385005697070e-03 1.689193556300949695e-02 2.970455865001042639e-02
5.578716533130005928e-01 1.243252149319999944e-01 1.430893232500807244e-02 0.000000000000000000e+00 1.174559844200473435e-02 3.174152306000621593e-02 4.309140790699927948e-02
1.794988493100007076e+00 3.052290215699997589e-01 3.694985147299689743e-02 0.000000000000000000e+00 3.366390628002591257e-03 1.815442120900456757e-02 4.218998301900001024e-02
2.773455454304993850e+00 2.514665116529926081e-01 2.399585112199531522e-02 0.000000000000000000e+00 1.618587605099719440e-02 4.597528867299160993e-02 6.445572660099685436e-02
5.192522290840003052e+00 3.370041598220012702e-01 3.483366234100060410e-02 0.000000000000000000e+00 1.754228932900048221e-02 4.810886999199226466e-02 7.254564673100105665e-02
2.348565051100592882e-02 8.842923081004983032e-03 1.197330315008571233e-03 0.000000000000000000e+00 3.884155321003390782e-03 1.122852320300182782e-02 1.988473351501340858e-02
1.433223405899752834e-02 4.466255638988059218e-03 3.538251139900694398e-04 0.000000000000000000e+00 2.636965650992806331e-03 6.816752778988188766e-03 1.123162712499947702e-02
1.825802249000219035e-02 3.545428747997902974e-03 0.000000000000000000e+00 1.394735791990342477e-03 1.089125613400199200e-02 3.169857652299867823e-02 5.242312193298914735e-02
5.609749629599036780e-02 1.395136053800172249e-02 0.000000000000000000e+00 2.248725829900877216e-04 1.128695925899592112e-02 3.406736021899803291e-02 5.930379087399728633e-02
4.603270043699581038e-02 1.835797657699345109e-02 2.731779583996285510e-03 0.000000000000000000e+00 4.143111768001972450e-03 1.229475989299544381e-02 2.210242590599875712e-02
6.304457155799525481e-02 2.275755234099108293e-02 8.204880649884671584e-04 0.000000000000000000e+00 4.985444447001441404e-03 1.008831128199005889e-02 1.697185490999686408e-02
4.444244204100300522e-02 2.267059518599978674e-02 4.482043506996546967e-03 0.000000000000000000e+00 5.104875038995260184e-03 1.624932211800000914e-02 2.724357692699186373e-02
3.077488094899649695e-02 8.445541890992558365e-03 0.000000000000000000e+00 2.485015779996047058e-03 8.932776213001147880e-03 2.111946989400337316e-02 4.041375196699448225e-02
7.599386314099376705e-02 4.918516808498907267e-02 1.537447494699506478e-02 0.000000000000000000e+00 3.080197665994433009e-03 1.424056634499493157e-02 3.139088029799097512e-02
1.933465813059882521e-01 7.942796164799403869e-02 1.318187253299640815e-02 0.000000000000000000e+00 9.561171114995659082e-03 3.614698094199297884e-02 9.256775888299273447e-02
3.835412657400638636e-02 2.066084143000068707e-02 6.619685530012020536e-03 0.000000000000000000e+00 4.755715638012247837e-03 2.448576366801091808e-02 5.100967459900118683e-02
7.385391305399480188e-02 3.836077721000208385e-02 8.390806842001552468e-03 0.000000000000000000e+00 1.392864964600448729e-02 5.752150639000319643e-02 1.175833000490058566e-01
4.138770458700946620e-02 1.794630891900794722e-02 4.103314669009705540e-03 0.000000000000000000e+00 7.412765493000961214e-03 4.066767638900614656e-02 1.036364656849997345e-01
9.777495777996136894e-03 5.031725337005354959e-03 8.235459030032643568e-04 0.000000000000000000e+00 6.107983972000852191e-03 2.516946484800541839e-02 5.577230393700460809e-02
1.093217500500998085e-02 7.349009567008124577e-03 2.706355482004596524e-03 0.000000000000000000e+00 6.759284208001758998e-03 3.505408876000615237e-02 8.067914488600536060e-02
1.059166376099085483e-02 6.927637819998722080e-03 3.072758098994654574e-03 0.000000000000000000e+00 8.378418002052967495e-06 9.533077499995101789e-03 4.398670818899574897e-02
1.016272286699404503e-02 5.348374655000043276e-03 2.258958357003848505e-03 0.000000000000000000e+00 4.491300220053062731e-04 5.194877416002441350e-03 2.201251446999208383e-02
1.169499157799691602e-02 6.174565143993504535e-03 1.995037356991247179e-03 0.000000000000000000e+00 1.616290789996810418e-03 8.701759484992521720e-03 3.157361679500070295e-02
7.565259254008083190e-03 2.304482682006891991e-03 0.000000000000000000e+00 3.886315879952917385e-04 3.628335745005983881e-03 1.264996651100602776e-02 3.946630055899902345e-02
1.318720709399201496e-02 4.651872935994560976e-03 7.036695810000992424e-04 0.000000000000000000e+00 2.396021240997470159e-03 1.043022703099438786e-02 3.221742806799454684e-02
2.506586740101113264e-02 1.179684975400618896e-02 2.979021972009832098e-03 0.000000000000000000e+00 5.112598717005312210e-03 2.338423747400497632e-02 7.292408149200468870e-02
1.633460033760059105e-01 5.729332494701111500e-02 1.073753067700522479e-02 1.177092910040755669e-04 0.000000000000000000e+00 1.549880766000910626e-02 8.725256251899793369e-02
2.974966067059909847e-01 9.650065965999488071e-02 1.263333137499955683e-02 0.000000000000000000e+00 1.580848251799693571e-02 8.866169916399258000e-02 2.532856745219902450e-01
1.248014736899989430e-01 4.687031361700633170e-02 8.201946352997424583e-03 0.000000000000000000e+00 1.073820500100453046e-02 5.653115423899635061e-02 1.561850953069949810e-01
1.824396643900172421e-02 1.356742369600283382e-02 7.290757264001967997e-03 0.000000000000000000e+00 6.254372032998389841e-03 9.806975133299999925e-02 4.925129308440006071e-01
5.034800806699024633e-02 2.438433063399259026e-02 7.239274789000660348e-03 0.000000000000000000e+00 6.556394777987861744e-03 5.797168805298724692e-02 2.301072230179954659e-01
2.841239522029894715e-01 8.601746248599795308e-02 1.808695098100088217e-02 2.865239402993324802e-03 0.000000000000000000e+00 4.089431703988566369e-03 3.272992078899505941e-02
3.284019424219906114e-01 7.107088738399625072e-02 8.478748529995527861e-03 0.000000000000000000e+00 1.699708125997290153e-03 1.669398835198876441e-02 7.638081264799723158e-02
2.449733362440014162e-01 3.895427765900194572e-02 3.681391767997865827e-03 0.000000000000000000e+00 1.099518776199204240e-02 5.957661913299716616e-02 1.760048229999995328e-01
7.741282196110006453e-01 1.502545419180023600e-01 1.956498985200028073e-02 0.000000000000000000e+00 5.778809761991965388e-03 3.644401608299574491e-02 1.083753789209964680e-01
3.795195791119994055e-01 8.632531326699677265e-02 9.801348501994766593e-03 0.000000000000000000e+00 2.596408184004417308e-03 2.256475782699851607e-02 8.876313969999216624e-02
2.114921006170078499e-01 4.483389615501209846e-02 3.069409800005473699e-03 0.000000000000000000e+00 1.301229391800973190e-02 4.487838701700752608e-02 1.007414151420107373e-01
2.695669066959993643e-01 9.373271659900694885e-02 1.585742069900675233e-02 0.000000000000000000e+00 6.463599962998500814e-03 3.533396906099994794e-02 1.091759075629994413e-01
8.277312641899925438e-02 2.283945256999686535e-02 2.276882956991244100e-03 0.000000000000000000e+00 7.067758218994413255e-03 3.528381626399834659e-02 9.878894565099471947e-02
1.654632524609951361e-01 6.147528849399463979e-02 1.097082541700444835e-02 0.000000000000000000e+00 1.140240416499693765e-02 5.062559920399678504e-02 1.219373211930019352e-01
1.131022629309939020e-01 4.016884184200364416e-02 8.832450171993855292e-03 0.000000000000000000e+00 7.014488354002423875e-03 5.651007789499828959e-02 1.473355474499982165e-01
1.561453790950082521e-01 4.493375603800586759e-02 8.731172896006000883e-03 0.000000000000000000e+00 1.480701977800435998e-02 8.660183652899888784e-02 2.207169779870099546e-01
6.302553854699510794e-02 2.473075869799856719e-02 7.084947768987603922e-03 0.000000000000000000e+00 1.446338418999459918e-02 7.024538802299673534e-02 1.662083081059932965e-01
1.234783448910121706e-01 3.451023283000154152e-02 9.189151012009233455e-03 0.000000000000000000e+00 5.592419003008330947e-03 6.587523224101232699e-02 2.376956481250118713e-01
2.793041223930003980e-01 6.287270768700636836e-02 9.573828769006809125e-03 0.000000000000000000e+00 6.405178779971265612e-04 2.190482825099593356e-02 9.490705698399892754e-02
