1.606422067197854631e-02 2.849798191846275586e-03 0.000000000000000000e+00 3.353546576818189351e-03 1.641294783985358663e-02 5.895276777300750837e-02 1.602264542339071340e-01
4.751446317570753308e-01 1.204825114741652214e-01 1.933685724407041562e-02 0.000000000000000000e+00 2.355260898184496909e-03 1.879994640307813825e-02 7.370640347016887972e-02
5.111879537209915725e-01 1.938709504661346728e-01 3.816963401504835929e-02 0.000000000000000000e+00 7.824254196975743980e-03 5.420380773807664809e-02 2.089404058860964142e-01
8.578873893884519930e-02 4.702009797301798244e-02 1.219316493188671302e-02 0.000000000000000000e+00 2.973159839189065679e-02 1.913629159839729255e-01 7.027318057589582168e-01
2.496529450997968524e-01 1.067201790608578449e-01 3.287402750083856517e-02 4.868668034987422288e-03 0.000000000000000000e+00 1.559613348194943683e-02 1.034622975348611362e-01
1.114913914959743124e-01 1.989263349992143048e-02 0.000000000000000000e+00 1.395241070895281155e-03 1.418791930495899578e-02 6.397769528098251612e-02 2.661905632890011475e-01
4.200968344093780615e-02 1.970438999705947936e-02 6.679129068061229191e-03 0.000000000000000000e+00 1.396614869304357853e-02 1.074881798519982112e-01 3.884533695029404043e-01
1.085110352610172413e-01 4.405653417302346497e-02 6.490346972896077204e-03 0.000000000000000000e+00 1.873787052591069369e-02 7.492162020594150817e-02 1.980328163040212530e-01
8.263651635502355930e-02 2.554499916800523351e-02 0.000000000000000000e+00 4.467551541438297136e-04 1.781058078017849766e-02 5.609936347809707513e-02 1.703225739502158831e-01
4.527008445597857644e-02 2.183448607797799923e-02 4.477844192024349468e-03 0.000000000000000000e+00 9.926164791068003979e-03 4.007592842799567734e-02 1.153447624710679520e-01
3.417766303414282447e-02 2.203835946897925169e-02 7.097615320162731223e-03 0.000000000000000000e+00 1.593239963813175564e-02 8.563193557097292796e-02 2.204299073100628448e-01
4.049516863688040758e-02 2.922590058301466343e-02 1.238230420494801365e-02 0.000000000000000000e+00 9.463044053063640604e-03 6.251714108293526806e-02 1.535658744448937796e-01
5.846463072703045327e-02 2.426587448189820861e-02 7.608048186966698267e-03 0.000000000000000000e+00 9.628042417944016051e-03 5.658392771601938875e-02 1.573085287479898398e-01
9.813100471797042701e-02 1.938856477613626339e-02 4.926785363068120205e-03 0.000000000000000000e+00 1.094783092503348598e-02 7.549315446999571577e-02 2.448959960941010650e-01
1.403181690518522373e-01 4.707108141587923456e-02 8.545759508933770121e-03 0.000000000000000000e+00 6.749908279971350566e-03 2.213508965883193014e-02 5.588920089394378010e-02
1.000609982950209087e-01 3.299954792896642175e-02 8.868033286034915363e-03 0.000000000000000000e+00 9.321194011135958135e-05 7.764110594962403411e-03 2.508203936713471194e-02
1.067146110551675520e-01 2.112066592417249922e-02 2.145875140058706165e-03 0.000000000000000000e+00 1.219674763115108362e-02 5.792359277802461293e-02 1.341180586500740901e-01
2.848013714469743718e-01 6.002384702401286631e-02 9.690349209904525196e-03 0.000000000000000000e+00 5.509710498017739155e-03 2.039975828597562213e-02 3.758120636393869063e-02
1.223132817008263373e-01 3.853756966600485612e-02 8.690408706797825289e-03 0.000000000000000000e+00 9.506086373903599451e-03 2.749213926585980516e-02 4.093624070696932904e-02
1.860192108858882420e-01 3.647199955389623938e-02 6.789011145883705467e-03 0.000000000000000000e+00 3.206613911970634945e-03 1.516459783397294814e-02 3.308980827091545507e-02
5.398546326780433446e-01 1.082685969990961894e-01 1.877527382998778194e-02 0.000000000000000000e+00 7.163525446003404795e-03 4.122135902412082942e-02 8.656916494305733067e-02
2.217878711310277140e-01 3.612888725319862715e-02 2.271528194114580401e-03 0.000000000000000000e+00 1.425252223498318926e-02 3.700047477104817517e-02 5.067392737601039698e-02
9.618804224305677053e-02 1.064064779006912431e-02 0.000000000000000000e+00 7.722233549429802224e-04 7.175496574973294628e-03 2.262933192014315864e-02 4.167540398907476629e-02
6.001340923889983969e-01 1.628631189448697114e-01 2.578160409689189692e-02 0.000000000000000000e+00 3.119459810932312394e-03 1.767292800991526747e-02 3.863532921491241723e-02
3.483423632987978635e-01 6.004599120592502004e-02 5.769688187911015120e-03 0.000000000000000000e+00 8.186244790977070807e-03 2.566555065595821361e-02 4.547165687495180464e-02
3.398454524790395226e-01 1.077335184779713018e-01 2.062033267088736466e-02 0.000000000000000000e+00 9.285937403546995483e-05 8.505968779900285881e-03 2.275774300392185978e-02
3.264862054550121684e-01 1.080113031200653495e-01 1.974847504698118428e-02 0.000000000000000000e+00 6.134816169151235954e-03 3.991476372516444826e-02 1.061404834169934475e-01
5.523091802199360245e-01 1.495918954849457805e-01 2.302329844087580568e-02 0.000000000000000000e+00 2.733622727873807889e-03 2.007906457697572478e-02 4.719251423398418410e-02
4.999501818610951887e-01 9.244514962711036787e-02 1.212800819621406845e-02 0.000000000000000000e+00 3.201606418997471337e-03 2.103497572102241975e-02 6.100062512700787920e-02
7.852761321100842906e-02 1.775501117094790970e-02 1.185072760790717439e-03 0.000000000000000000e+00 9.310587509844481247e-03 3.108220073499978753e-02 6.540743574782936776e-02
1.901181684079347178e-01 4.906670738591856207e-02 6.592291385913995327e-03 0.000000000000000000e+00 1.286056636104149220e-02 4.067969608104249346e-02 7.115227074996255396e-02
4.753979723300290061e-01 1.066135815208326676e-01 1.944640139004150114e-02 0.000000000000000000e+00 1.614744453286220960e-02 5.879837136103560624e-02 1.055362712188525620e-01
1.768419806878682721e-01 4.301775231192550564e-02 4.486092944944175542e-03 0.000000000000000000e+00 1.549835165496915579e-02 5.315082501397228043e-02 1.757833983820091817e-01
1.002829683629897772e-01 3.336144646505090350e-02 1.620992286916589364e-03 0.000000000000000000e+00 4.434665319399755390e-02 1.904091226390391967e-01 6.513008536260258552e-01
1.909948121090110362e-01 7.180878976100757427e-02 1.300057345383720531e-02 0.000000000000000000e+00 2.437478066190124082e-02 9.158654805787591613e-02 2.817873531928398734e-01
2.985684563770973909e-01 1.075805002260494803e-01 2.375730874700821005e-02 0.000000000000000000e+00 3.273236832001202856e-03 2.242763082699639199e-02 8.127580419795776834e-02
1.696798785540067911e-01 4.953660759201738983e-02 7.757003567121500964e-03 0.000000000000000000e+00 1.054666396112224902e-02 3.494439917108138616e-02 8.764644732195847610e-02
3.878006427239597542e-01 1.245488626368569385e-01 2.721488725592280389e-02 0.000000000000000000e+00 1.687789236098069523e-02 9.589105076997839205e-02 2.675094727990199317e-01
3.165301743308646110e-01 1.035446473558749858e-01 1.998932715696355444e-02 0.000000000000000000e+00 3.271917048505201819e-02 1.300597773370100185e-01 2.682455766059774760e-01
2.637151195569913398e-01 6.029902889895311091e-02 4.637362839048364549e-03 0.000000000000000000e+00 2.465818956306975451e-02 8.884538584993606491e-02 2.104131079008766392e-01
2.070867224180119592e+00 3.589592436092061689e-01 5.547871033218143566e-02 0.000000000000000000e+00 2.583311696071177721e-03 4.572206909801934671e-02 1.450463220921847096e-01
1.593349789720832632e-01 3.961598107116515166e-02 2.912048590133053949e-03 0.000000000000000000e+00 1.519797105106590607e-02 6.188195873414770176e-02 1.637853022559738747e-01
1.518632030520166154e-01 4.537750510689875227e-02 8.979871781093606842e-03 0.000000000000000000e+00 1.624232801509606361e-02 9.432136630994136794e-02 3.036523697069242189e-01
2.894652368120205210e-01 6.301023282708229090e-02 6.540981394891787204e-03 0.000000000000000000e+00 4.298432080076963757e-03 2.789465574687710614e-02 1.117243638088893931e-01
2.081210553410528519e-01 5.449006670392009255e-02 7.458636461024070741e-03 0.000000000000000000e+00 4.176442553898596088e-03 2.866356888694099325e-02 1.158320525480576180e-01
3.622045223110035295e-01 1.636337560960328119e-01 4.181542481092037633e-02 2.615135357018516515e-03 0.000000000000000000e+00 6.842624827868348802e-03 3.118803781990209245e-02
3.925096051768832695e-01 1.127635785489928821e-01 2.073976928591036994e-02 0.000000000000000000e+00 2.372063336906649056e-03 1.623805632493713347e-02 4.189711259391515341e-02
4.792173299708792911e-01 1.912790581550325442e-01 3.894721811002455070e-02 0.000000000000000000e+00 7.205007767879578751e-03 4.628607165000175883e-02 1.238743281319329981e-01
6.621886386799360480e-01 2.312006868060052511e-01 3.487356933601404307e-02 0.000000000000000000e+00 2.749524845194173395e-02 1.328647875061506056e-01 3.444778792040779081e-01
2.613949390629386471e-01 8.101575682394468458e-02 1.489983170813502511e-02 0.000000000000000000e+00 4.851395553941983962e-03 2.848538264197486569e-02 1.070975299101064593e-01
2.012456008080789616e-01 6.452028255012010050e-02 9.652075944131865981e-03 0.000000000000000000e+00 1.406420615103343152e-02 5.902289087202916562e-02 1.888220317059676745e-01
1.650615188088977447e-01 1.127816428620462830e-01 4.126104903093619214e-02 4.009909089973007212e-03 0.000000000000000000e+00 1.580548900392386713e-02 6.508202102804716560e-02
7.140322055010983604e-02 2.699081966397898213e-02 1.359083048100728774e-03 0.000000000000000000e+00 3.208182361913713976e-02 1.649006899549476657e-01 5.925967342709554941e-01
3.305064000098809629e-01 1.525558768059909198e-01 2.961881675287258986e-02 0.000000000000000000e+00 7.489146907801114139e-03 3.546897222190636967e-02 1.128515914169838652e-01
1.318564506389066082e-01 6.212909125406440580e-02 1.273364388703157601e-02 0.000000000000000000e+00 9.060481534106656909e-03 4.147268339193033171e-02 1.419634801220581721e-01
1.652030226828173909e-01 7.116427654796098068e-02 1.179377128892156179e-02 0.000000000000000000e+00 1.577611345783225261e-02 7.511744027692657255e-02 2.717153779749423848e-01
2.024221029339514644e-01 9.180464002292865189e-02 1.821737252498678572e-02 0.000000000000000000e+00 1.376880151406112418e-02 7.051559089586589835e-02 2.330482577579005010e-01
1.043911557937917678e-01 4.426159569788978843e-02 1.152016840183023305e-02 0.000000000000000000e+00 2.673480667908734176e-03 2.298634027079060616e-02 9.187324110484951234e-02
8.331766760215941758e-02 2.792620000514034473e-02 3.962600997056142660e-03 0.000000000000000000e+00 6.160253426060080528e-03 3.015222393014482805e-02 1.195902685631153872e-01
2.082197956849540788e-01 8.005659892501171271e-02 1.539745303512063401e-02 0.000000000000000000e+00 1.992414714914048091e-02 8.952014495798721327e-02 2.495701787370308011e-01
1.513910380390370847e-01 5.558610447610590199e-02 1.010435436910483986e-02 0.000000000000000000e+00 1.240855026617282419e-02 5.961374789808360219e-02 1.812386489530126710e-01
2.401397981541322224e-01 7.194318843608016323e-02 1.603663408900501963e-02 0.000000000000000000e+00 5.533803144089688431e-03 3.629502329613387701e-02 1.044752211191735114e-01
1.444485942979554238e-01 7.588872480300778989e-02 2.469797046410349139e-02 4.726513600417092675e-04 0.000000000000000000e+00 2.078784288892165932e-02 8.482514517004346999e-02
8.672889544595818734e-02 3.665986840496771038e-02 7.135497937952095526e-03 0.000000000000000000e+00 1.335749086592841195e-02 8.277798949711723253e-02 4.074735847809733968e-01
1.477960045469899342e-01 3.561062606900122773e-02 7.726351434030220844e-03 6.098329840824590065e-04 0.000000000000000000e+00 6.723584021074202610e-03 2.564415224992444564e-02
2.252868083060093340e-01 5.332007357810653048e-02 1.004093073515832657e-02 4.963433291322871810e-04 0.000000000000000000e+00 1.136711875597029575e-02 4.936001541796031233e-02
4.290942065995295707e-02 1.353892527799871459e-02 3.529752322037893464e-03 0.000000000000000000e+00 1.005390860996158153e-02 4.661464198989051511e-02 1.037831178809938137e-01
1.039176906231205066e-01 2.599990785620320821e-02 6.071244539043618715e-03 0.000000000000000000e+00 7.876872169163107174e-03 3.249657568608199654e-02 6.122794719522062223e-02
1.363792975901105820e-01 4.569352049406916194e-02 1.382919231718915398e-02 0.000000000000000000e+00 5.449814158055232838e-03 4.102391940909910772e-02 1.021266224340706685e-01
6.286228201611265831e-02 2.275051067908862024e-02 5.867386176078071003e-03 0.000000000000000000e+00 2.261321528976623085e-03 8.343326546992102521e-03 1.709880406406227848e-02
4.132542202387412544e-02 1.115284517595682701e-02 2.456328875950930524e-03 0.000000000000000000e+00 5.148637880893147667e-03 1.695623897489895171e-02 3.066813513896704535e-02
7.878405214887607144e-02 2.867148631094096345e-02 7.776364414894487709e-03 0.000000000000000000e+00 8.725856297814971185e-03 3.941440390894968004e-02 8.499588105291877582e-02
8.570821668718053843e-02 2.970149116799802869e-02 7.275596655063054641e-03 0.000000000000000000e+00 2.093397178100531164e-02 1.433893318371701753e-01 5.830606655990777654e-01
1.802077681979881163e-01 4.778959048189790337e-02 8.875255581870078458e-03 0.000000000000000000e+00 6.344056383795759757e-03 5.922756948189089599e-02 4.150564719318481366e-01
1.019816765051473340e-01 3.970802530898254190e-02 1.001364595504128374e-02 0.000000000000000000e+00 9.612152446152322227e-03 7.951041696514948853e-02 2.742148477300361264e-01
3.601811837097557145e-02 1.271903033102717018e-02 2.520906387871946208e-03 0.000000000000000000e+00 1.656128564900427591e-02 7.759356757401292271e-02 1.875841270380078640e-01
1.508579276548971393e-01 4.251076814193766040e-02 4.006087600828323048e-03 0.000000000000000000e+00 1.196983754402936029e-02 3.218430209790312801e-02 6.026455346204784291e-02
4.369146389060460933e-01 1.455792597130312060e-01 2.394551944007616839e-02 0.000000000000000000e+00 9.059119832045325893e-03 3.113087236101819144e-02 5.884468321710301097e-02
1.094356086271091044e-01 3.353164672398634139e-02 8.258249973096098984e-03 0.000000000000000000e+00 2.370622204125538701e-03 3.196724326812727668e-02 9.167458972092390468e-02
4.695762964297500730e-02 2.121465946584066842e-02 6.997274608920633909e-03 0.000000000000000000e+00 3.003140761848044349e-03 1.920500793698920461e-02 3.941866396394289040e-02
5.039866147285465559e-02 1.300228113495904836e-02 2.117588769579015207e-04 0.000000000000000000e+00 1.182964087797699904e-02 3.625080830101978790e-02 6.217330164690793026e-02
1.305449919450438756e-01 3.045204552790892194e-02 5.705707136939963675e-03 0.000000000000000000e+00 4.649892651968912105e-03 1.691942076695340802e-02 3.379765758086250571e-02
1.350358901320305449e-01 3.752514730399525433e-02 8.792156990011790185e-03 0.000000000000000000e+00 1.493675131314375903e-04 4.155091173970504315e-03 9.176735914024902740e-03
7.187577925992627570e-02 2.040125368807821360e-02 3.507584600129121100e-03 0.000000000000000000e+00 4.597391673996753525e-03 1.293578098898251483e-02 2.296005399307432526e-02
5.792069437097779883e-02 1.170802570391060726e-02 0.000000000000000000e+00 5.927339950630994281e-04 7.063411376066142111e-03 1.666713849090228905e-02 2.773165670805610716e-02
6.051307319103216287e-02 1.878069335293730546e-02 2.365244575003089267e-03 0.000000000000000000e+00 4.783254154062888119e-03 1.448333515600097599e-02 2.880370171487811604e-02
9.281934133400682185e-02 2.417992617301933933e-02 3.237309759015261079e-03 0.000000000000000000e+00 8.642952862828678917e-03 4.368655142388888635e-02 1.256721371898947837e-01
1.148490728610340739e-01 1.910322210005688248e-02 0.000000000000000000e+00 1.656148044048677548e-03 1.721698915798697271e-02 7.542871364898928732e-02 2.257479732461433741e-01
6.428550788609754818e-02 9.543872479071069392e-03 0.000000000000000000e+00 4.121634344983249321e-03 1.543845780201991147e-02 4.603951024910202250e-02 1.134353533550438442e-01
6.638311540996255644e-02 8.627796453993141768e-03 0.000000000000000000e+00 6.509472800871662912e-03 1.422403399988070305e-02 2.081178793196158949e-02 2.831388687400249182e-02
4.880021706208026444e-02 5.349316397087022779e-03 0.000000000000000000e+00 5.074533739161779522e-03 1.160903805794077925e-02 1.740321218403551029e-02 2.284989669897186104e-02
7.351702355413181067e-02 1.442633268015924841e-02 1.206380129588069394e-04 0.000000000000000000e+00 2.539313074066740228e-03 5.775753498028279864e-03 1.048603509298118297e-02
1.224398487659072998e-01 3.459331961903444608e-02 2.789926403011122602e-03 0.000000000000000000e+00 7.385723786001108238e-03 1.577104448597310693e-02 2.271555864786023449e-02
3.375823380538349738e-01 7.262650822190153121e-02 8.969300527041923488e-03 0.000000000000000000e+00 1.797207515892296215e-03 5.020529114972305251e-03 9.513879092992283404e-03
3.385904481099260011e-01 7.450646674192284991e-02 9.333431805998770869e-03 0.000000000000000000e+00 6.095532281051418977e-03 1.604496749405370792e-02 2.705766901385686651e-02
1.273010277109278832e-01 2.528273205780351418e-02 1.653503798934252700e-03 0.000000000000000000e+00 6.742879503008225583e-03 1.509706460092274938e-02 2.159247673989739269e-02
1.064708588389748911e-01 3.244447107113046513e-02 4.804358258070351440e-03 0.000000000000000000e+00 6.615078835011445335e-03 1.539750030610775866e-02 2.212281495917522989e-02
3.345971197290964483e-02 7.021771384870589827e-03 0.000000000000000000e+00 6.358155389989406103e-04 4.617716145048689214e-03 9.380481134030560497e-03 1.314804192497831536e-02
1.163307353820073331e-01 5.383025674905184133e-02 1.240147265502855589e-02 0.000000000000000000e+00 3.812791379004920600e-03 1.205047087705679587e-02 1.991010610504417855e-02
1.956408597520749026e-01 6.667593671113536402e-02 1.338323527693319193e-02 0.000000000000000000e+00 1.284000358964476618e-03 4.494958525128822657e-03 7.541497669080854394e-03
1.528896196020923526e-01 5.033349858604196925e-02 7.135400159995697322e-03 0.000000000000000000e+00 1.779507321998607949e-03 5.949465828962274827e-03 1.496504885108151939e-02
1.312578105410011631e-01 4.042283612511710089e-02 4.211350410969316727e-03 0.000000000000000000e+00 4.714867352049623150e-03 1.132738220007922791e-02 1.727185431514044467e-02
7.601220823585208564e-02 3.404528467399359215e-02 9.974730430940326187e-03 2.147177219740115106e-04 0.000000000000000000e+00 5.031834265992074506e-03 1.176406228000814735e-02
1.401999490660728043e-01 5.722445381900342909e-02 2.519433333498000138e-02 1.062166487099602818e-02 2.824694546006867313e-03 0.000000000000000000e+00 4.805976789043597819e-03
2.588478960140037088e-01 5.603091024499917694e-02 9.521164347006561002e-03 0.000000000000000000e+00 3.899038390500209061e-04 1.880812748004245805e-02 8.618781981408574211e-02
3.027842513097311894e-02 1.372332613482285524e-02 4.244808970952362870e-03 0.000000000000000000e+00 6.720682567902258597e-04 5.839493191842848319e-03 1.510912819799159479e-02
2.671545651810447453e-02 1.726892332499119220e-02 8.517190540942465304e-03 2.670221367907288368e-03 0.000000000000000000e+00 1.148255730640812544e-04 4.219612299038999481e-03
3.273260405694600195e-02 1.038432571203884436e-02 1.026426757107401500e-03 0.000000000000000000e+00 1.282248677193820185e-02 4.223950307300583518e-02 7.116813344100592076e-02
7.878350915621012973e-02 2.291339456201058056e-02 6.261713804178725695e-03 0.000000000000000000e+00 1.058985808185752830e-03 1.447933245003696356e-02 4.023486141204557498e-02
6.087962802894253400e-02 1.643046950789539551e-02 3.499903407828242052e-03 0.000000000000000000e+00 1.866592999931526720e-03 7.208015931837508106e-03 1.539436171697161626e-02
1.120522550720579602e-01 3.076893643492439878e-02 4.988490196865313919e-03 0.000000000000000000e+00 5.353698914859705837e-03 1.738079364099576196e-02 3.002696938096960366e-02
1.001397720181103068e-01 2.707908696402228088e-02 2.238809971004229737e-03 0.000000000000000000e+00 8.420927194038085872e-03 1.910545458213164238e-02 2.772235096404074284e-02
4.369525673587304482e-02 1.597500231900994550e-02 3.259616643845220096e-03 0.000000000000000000e+00 1.044401599597222230e-02 4.677741960995263071e-02 9.914303218988607114e-02
2.708262613120950846e-01 6.980431461897751433e-02 1.442154610617762955e-02 0.000000000000000000e+00 3.135309696062904550e-03 1.412227874902782787e-02 2.634727412805659696e-02
9.303604837282364315e-02 2.345032307380279235e-02 2.704481118826151942e-03 0.000000000000000000e+00 1.248659752400271827e-02 9.596672440079601074e-02 5.362620772589252738e-01
1.257781024407904624e-01 3.563032850979652721e-02 6.328994972818691167e-03 0.000000000000000000e+00 5.957638358950134716e-03 2.903308324493991677e-02 1.143781026028136694e-01
1.935485213518859382e-01 3.957213917101398692e-02 6.414264013073989190e-03 0.000000000000000000e+00 2.529454265868480434e-03 8.961854131939617218e-03 1.558188205103760993e-02
1.520185308040709060e-01 2.232352947407889587e-02 1.681599860603455454e-04 0.000000000000000000e+00 3.869109394145198166e-03 8.769780881948463502e-03 1.388743801408054424e-02
9.761707897348514962e-01 1.592463611218590813e-01 2.241961899994748819e-02 0.000000000000000000e+00 1.657188018953092978e-03 7.616028958864262677e-03 1.408834932294666942e-02
2.541110926008514070e-01 5.014370407093338144e-02 6.557348740898305550e-03 0.000000000000000000e+00 1.924644814835119178e-03 6.102683114932005992e-03 1.137849370297772111e-02
4.122767154140092316e-01 7.261248418103605218e-02 7.801144336099241627e-03 0.000000000000000000e+00 3.087640162902971497e-03 9.061766505965351826e-03 1.685450600007243338e-02
1.892922130001124970e+00 1.959063048020652786e-01 1.834715112204321485e-02 0.000000000000000000e+00 3.465618547124904580e-03 8.663720328968338436e-03 1.443878399095410714e-02
4.521830194430549454e-01 5.475162952097889502e-02 4.484982521262281807e-04 0.000000000000000000e+00 5.700585732938634465e-03 9.472307621081199613e-03 1.176917557995693642e-02
9.863347415491716674e-01 1.098613674441821786e-01 1.186532444512522488e-02 9.189145430354983546e-04 0.000000000000000000e+00 1.983437070975924144e-03 5.405835205010589561e-03
1.825298727966128354e+00 4.119080933571694914e-01 4.644233411704590253e-02 0.000000000000000000e+00 6.114826030625408748e-04 7.285078426093605231e-03 1.317414788309179130e-02
2.518669185101316543e-01 5.805360519502755778e-02 6.115713545113976579e-03 0.000000000000000000e+00 4.281200053128486616e-03 1.011384105618162721e-02 1.554637368803923891e-02
2.715649899630534492e-01 9.049460523601737805e-02 1.499305037100384652e-02 0.000000000000000000e+00 5.059665611042873934e-03 1.335790346092835534e-02 1.958876055891778378e-02
1.099698250989149528e-01 2.294348721284222847e-02 0.000000000000000000e+00 1.884477643898208044e-03 9.734552676036400953e-03 1.753865347995997581e-02 2.505533077896870964e-02
3.485602559869676043e-01 1.067747729341590457e-01 1.904468027305483702e-02 8.128853719426842872e-04 0.000000000000000000e+00 1.475803073162751389e-03 5.277644663010505610e-03
2.161648148128278990e-01 3.959482203390507493e-02 4.607156499787379289e-04 0.000000000000000000e+00 6.249920184927759692e-03 1.279962370290377294e-02 2.014591875195037574e-02
2.657431283168989467e-01 6.513246567396890896e-02 7.447822128824554966e-03 0.000000000000000000e+00 5.879392558881590958e-03 1.439482439286621229e-02 2.206595679695055878e-02
4.824011977098052739e-01 1.338822048469410220e-01 2.063839260199529235e-02 0.000000000000000000e+00 2.244227893015704467e-03 9.609164229004818480e-03 2.012654310692596482e-02
1.101209966761871328e-01 4.244758158120021108e-02 6.516418837009041454e-03 0.000000000000000000e+00 6.692552076174251852e-03 2.185952953504965990e-02 5.498196012308653735e-02
7.393427712099764904e-02 2.844165491501371434e-02 5.197196506060208776e-03 0.000000000000000000e+00 3.540387968996583368e-03 1.024744026994994783e-02 1.881949533208171488e-02
3.585561175896145869e-02 2.017130494004959473e-02 5.415387166976870503e-03 0.000000000000000000e+00 4.600445286087051500e-03 1.474291986005482613e-02 2.842344471810065443e-02
1.997484112598613137e-02 6.852388127072117641e-03 0.000000000000000000e+00 2.183643020998715656e-04 4.429300185165629955e-03 1.126756057897182473e-02 2.646717573497880949e-02
4.395956240091436484e-02 1.688140327109977079e-02 3.851331764963106252e-03 0.000000000000000000e+00 2.975965139739855658e-04 2.026255501050400198e-03 7.704345448928506812e-03
3.199488074483269884e-02 4.404530245892601670e-03 0.000000000000000000e+00 6.388328399680176517e-04 2.031321408821895602e-03 3.675529041856862023e-03 8.683383511879583239e-03
1.144273211539257318e-01 1.934353845285841089e-02 2.440379048493923619e-04 0.000000000000000000e+00 2.737971354918045108e-03 6.904741096832367475e-03 1.671640833592391573e-02
7.552969769369610731e-01 1.906393049930557027e-01 3.067236718902677239e-02 1.392496385960839689e-03 0.000000000000000000e+00 3.018870056848754757e-03 8.173188399041464436e-03
3.979126576668932103e-01 9.129799485003786685e-02 1.221026912799061392e-02 2.600869120215065777e-04 0.000000000000000000e+00 1.228804808988570585e-03 6.104529353024190641e-03
3.409935777860937378e-01 7.334861872209330613e-02 7.917097997960809153e-03 0.000000000000000000e+00 3.614988208028080408e-03 1.556902289394201944e-02 6.843484443902525527e-02
1.784175136149315222e-01 2.715805568095674971e-02 1.178436825057360693e-03 0.000000000000000000e+00 1.754105144982531783e-03 9.750522490094226669e-03 5.991283878006470331e-02
1.240432515519387380e-01 1.250513957893417682e-02 0.000000000000000000e+00 2.208893993838501046e-03 1.078789788084577594e-02 4.735910745193905313e-02 2.115300676059632679e-01
5.767307526502918336e-02 2.944618936408005538e-02 6.780794851010796265e-03 0.000000000000000000e+00 2.893450360102178820e-02 1.676140373670023109e-01 5.113950550789923000e-01
9.528631122202568804e-02 3.496544168592663482e-02 1.209319281497300835e-02 0.000000000000000000e+00 1.211000221110225539e-02 1.116020591430242348e-01 4.838530440840713709e-01
1.567738098240170075e-01 4.160151328596839448e-02 8.730268673161845072e-03 0.000000000000000000e+00 1.950564625099104887e-02 1.656176147550922906e-01 1.205496442427147485e+00
1.843299096190094133e-01 4.127070687809464289e-02 4.106993156938187894e-03 0.000000000000000000e+00 4.250616642502791365e-02 3.283255078999900434e-01 1.674971092912983295e+00
3.436849807869748474e-01 7.023129502999836404e-02 1.083921320105218911e-02 0.000000000000000000e+00 7.071653300954494625e-03 7.066106508409575326e-02 4.557347441000274557e-01
7.093836137939888431e-01 1.081059474161065737e-01 7.482442163109226385e-03 0.000000000000000000e+00 1.169700055993416754e-02 5.085291558407334378e-02 1.916287763001491840e-01
3.984467073489668110e-01 5.854385942598128167e-02 4.256787125086702872e-03 0.000000000000000000e+00 2.454566210008124472e-02 1.482983221490030701e-01 5.534610874590271123e-01
3.901879801615905308e+00 4.893744970668194583e-01 7.735530636296061857e-02 4.954717622013049549e-03 0.000000000000000000e+00 4.966280793792066106e-02 3.421555809368328482e-01
1.051650933165092283e+00 2.098220384380056203e-01 2.172289260397519683e-02 0.000000000000000000e+00 2.192376179004895675e-02 1.336269760051891353e-01 5.545005186070284253e-01
1.541190550587089092e+00 2.339124505531344766e-01 4.287732365901320009e-02 0.000000000000000000e+00 4.282539713130972814e-03 8.807120128699352790e-02 3.811884120630111283e-01
3.371609959822080782e+00 4.258262486980584072e-01 5.198146443808582262e-02 0.000000000000000000e+00 1.526969984502102307e-02 1.298317392370336165e-01 4.934269346920245880e-01
3.879382364402772509e-02 2.205068007219779247e-02 8.616867064120015129e-03 0.000000000000000000e+00 5.248648734095695545e-03 7.070939524419372901e-02 4.307267364611107041e-01
4.876649751508921327e-02 2.177033371413017449e-02 5.107503832050497294e-03 0.000000000000000000e+00 1.027707372304575983e-02 5.348613650403422071e-02 2.215272687590186251e-01
1.226322836519102566e-01 7.755438370804768056e-02 2.329048394290111901e-02 0.000000000000000000e+00 7.179180732919121510e-03 5.524925315785367275e-02 2.335366927320592367e-01
5.646423899383989919e-02 3.566728768191751442e-02 1.182321857095303130e-02 0.000000000000000000e+00 5.321140333990115323e-03 3.119203205301346316e-02 1.342693836188573187e-01
3.433200429799398989e-02 1.288910018888600462e-02 2.956457811933432822e-03 0.000000000000000000e+00 1.429415036000136752e-03 1.239192590605853184e-02 6.043820507306918444e-02
3.894145494905387750e-02 9.743303229015509714e-03 4.122920699956011958e-05 0.000000000000000000e+00 5.830685597175033763e-03 2.996768959314977110e-02 1.120460767472195585e-01
6.677391799212273327e-02 1.869882244909604196e-02 1.380243548055659630e-03 0.000000000000000000e+00 2.942017240002314793e-03 1.129816682919226878e-02 5.141468011106553604e-02
1.145362166159884509e-01 3.919513518894746085e-02 6.937025453908063355e-03 0.000000000000000000e+00 7.684573098913460854e-03 3.084000943408682360e-02 1.029754596290786139e-01
1.101103011328632419e-01 3.444684429791777802e-02 4.776828660851606401e-03 0.000000000000000000e+00 6.819283275945053902e-03 1.972657055989657238e-02 5.564814737704182335e-02
4.933083867194909544e-02 1.459166296194780443e-02 2.365928580047693686e-03 0.000000000000000000e+00 1.009000714907415386e-02 5.061870077702224080e-02 1.369101496259190753e-01
1.663280351940557011e-01 4.949706581010104856e-02 1.108057471401480143e-02 0.000000000000000000e+00 1.009204487695569696e-02 8.240931855812050344e-02 3.258430479670550994e-01
2.018773834361127228e-01 6.659986000408935070e-02 1.229601265094970586e-02 0.000000000000000000e+00 2.050894157036964316e-03 1.135202753312114510e-02 4.640501199810387334e-02
8.871754546498777927e-02 1.840953126611566404e-02 3.665161950721085304e-04 0.000000000000000000e+00 4.244672933964466210e-03 1.204693534691614332e-02 3.596186231493447849e-02
2.159006396568656783e-01 5.168939511304415646e-02 4.560052854913010378e-03 0.000000000000000000e+00 3.704023886029972346e-03 8.596434927994778263e-03 2.132916536993434420e-02
9.696756523801468575e-01 2.437746243260789925e-01 3.301092642914227326e-02 0.000000000000000000e+00 4.004202833129966166e-03 1.567972213911161816e-02 3.002434922609609202e-02
2.344532558670380240e-01 3.574488315598500776e-02 1.557297274075608584e-03 0.000000000000000000e+00 1.163718994894225034e-02 3.170096926100995915e-02 6.204988549893641903e-02
4.401378265961284342e-01 6.286160702507004316e-02 4.518363179158768617e-03 0.000000000000000000e+00 6.290307119115823298e-03 1.946147105104500952e-02 3.790408479608231573e-02
8.007374220499059447e-01 1.481693258358518506e-01 1.703865903186851938e-02 0.000000000000000000e+00 3.127737777049333090e-03 1.322504877089158981e-02 3.346505215290562774e-02
3.257556936691798910e-01 5.672907399411997176e-02 6.807704717175511178e-03 0.000000000000000000e+00 8.939736360389360925e-04 8.268825300092430552e-03 3.164816134017200966e-02
9.230735092248778528e-01 2.776001257898315089e-01 5.022284061078607920e-02 6.426519743854441913e-03 0.000000000000000000e+00 4.258893392943718936e-03 1.692811702787366812e-02
1.177232070410809683e-01 1.825370246797319851e-02 6.981286401241959538e-04 0.000000000000000000e+00 1.149649428816701402e-02 3.842283270705593168e-02 7.881455796518821444e-02
4.620440778489864897e-02 5.339785029036647757e-03 0.000000000000000000e+00 1.922626903933633002e-03 1.307528065399310435e-02 3.598209665801732626e-02 5.663166649401318864e-02
2.605363941097493807e-02 0.000000000000000000e+00 1.304754501006755163e-03 4.085275143097533146e-03 4.631744156085915165e-03 5.741369443057919852e-03 1.143924484313174617e-02
2.223853302098177664e-02 5.169741172039721278e-03 1.394961788037107908e-03 0.000000000000000000e+00 2.435699841043970082e-03 1.074346316704577475e-02 2.514492657815026178e-02
3.553700188103903201e-02 1.173359200606682862e-02 5.379427863999808324e-03 1.907646488007230801e-03 0.000000000000000000e+00 7.205236010122462176e-03 6.303376001505966997e-02
2.426708187999793154e-02 8.126146048198279459e-03 2.617474720182144665e-03 0.000000000000000000e+00 4.269637969173345482e-03 4.781874133914243430e-02 3.445770118109976465e-01
4.509089036810109974e-02 1.903208106000420230e-02 6.296492459114233498e-03 0.000000000000000000e+00 2.281613983086572262e-03 3.753623771103775653e-02 2.947735024640678603e-01
5.315535917088709539e-02 2.925219246094457048e-02 1.142009731893267599e-02 0.000000000000000000e+00 4.690017819029890234e-03 6.772190033484548621e-02 4.175930226838318049e-01
3.199497692799013748e-02 1.168016207293476327e-02 2.169442821013944922e-03 0.000000000000000000e+00 1.080991213189008704e-02 8.076649037889183091e-02 4.418353716639558115e-01
8.529354732195315592e-02 3.678596121790178586e-02 1.063341097597003682e-02 0.000000000000000000e+00 4.576544323072084808e-03 4.036020749890667503e-02 1.971860420449047524e-01
6.927314035988274554e-02 3.042224350383548881e-02 8.600848354944901075e-03 0.000000000000000000e+00 8.487330894922706648e-03 6.325704559299083485e-02 2.582929072889328381e-01
1.186698938688550697e-01 4.301394848380368785e-02 1.002576341693384165e-02 0.000000000000000000e+00 7.052004987826876459e-03 4.616479264200279431e-02 1.489110947238714289e-01
8.110224770507556968e-02 2.469924389015432098e-02 3.654583611023554113e-03 0.000000000000000000e+00 2.076796633105004730e-02 1.405446320000010019e-01 5.174495833150558610e-01
1.320630859411267011e-01 3.652833788305542839e-02 6.862742854082171107e-03 0.000000000000000000e+00 7.318615208987466758e-03 6.086393867803963076e-02 2.654005705339841370e-01
5.547976565389944881e-02 1.111259266303932236e-02 1.670568394729343709e-05 0.000000000000000000e+00 1.123350515990750864e-02 7.546571580201089091e-02 3.200865405920012563e-01
1.236848126079621579e-01 3.488001290497777518e-02 9.275769408986889175e-03 5.937772971265076194e-04 0.000000000000000000e+00 2.550055991991939663e-02 1.494229711261141347e-01
7.717634620689750591e-02 1.588323362989285670e-02 2.450271820180205395e-04 0.000000000000000000e+00 1.367961284881857864e-02 6.251438266190234572e-02 1.855708576038068713e-01
9.718814122106778086e-02 3.062464183904012316e-02 7.218632591047935421e-03 0.000000000000000000e+00 1.984883276008986286e-03 2.559876441409869585e-02 1.085222684200743970e-01
7.994468789593156544e-02 2.195266980197629891e-02 4.126339960976110888e-03 0.000000000000000000e+00 1.253219968020857777e-03 9.187802103042486124e-03 3.848951688792112691e-02
7.291726316611857328e-02 4.496254726200277219e-02 1.982502568012023403e-02 4.005614196103124414e-03 0.000000000000000000e+00 7.270765450130056706e-03 4.033366879116329073e-02
4.992607666190451710e-02 2.155374880499039136e-02 2.922642456951507484e-03 0.000000000000000000e+00 2.834633682891762874e-02 1.592921872938859451e-01 4.955517848629824584e-01
7.602706557690908085e-02 4.277092384290881455e-02 1.636162482600411749e-02 0.000000000000000000e+00 2.079874411947457702e-03 4.047134587403888872e-02 1.719967444380472443e-01
5.514214642812476086e-02 2.463977947604689689e-02 6.249616134027746739e-03 0.000000000000000000e+00 1.412332034101382305e-02 7.064857264708734874e-02 1.836328274821426021e-01
7.297613140303838009e-02 3.417751218194098328e-02 8.455564260884784744e-03 0.000000000000000000e+00 1.475419784696896386e-02 7.510906378502113512e-02 2.115409553509834950e-01
1.005973764808913984e-01 5.285108197199406277e-02 1.525741598584318126e-02 0.000000000000000000e+00 3.089454078894959821e-02 1.625070821908138896e-01 3.868410206769112847e-01
8.212257579907600302e-02 3.773179798099590698e-02 7.806891670952609275e-03 0.000000000000000000e+00 8.711549558029219043e-03 4.518103108807736135e-02 1.559676650329038239e-01
3.694157232712313998e-02 1.387178231016150676e-02 2.471258876994397724e-03 0.000000000000000000e+00 1.014854203003778821e-02 7.143827023014637234e-02 3.073490182141540572e-01
3.005057945006228692e-02 1.213222307706018910e-02 2.173896854856138816e-03 0.000000000000000000e+00 2.446357565190737660e-02 1.704560407340522943e-01 7.087325581160257570e-01
2.925746246910421178e-02 1.344019228099568863e-02 4.173351637064115494e-03 0.000000000000000000e+00 5.482143870040090405e-03 4.036423367506358773e-02 1.664718430840821384e-01
2.544541843303704809e-02 5.303962573179887841e-03 0.000000000000000000e+00 1.423787969088152749e-03 4.859822946173153468e-03 9.709355638051420101e-03 1.876093092710107157e-02
5.284203952601274068e-02 2.602645562092220644e-02 7.230105710959833232e-03 0.000000000000000000e+00 1.085766385494935093e-02 5.923142569304218341e-02 1.846023241100738232e-01
6.311959401796229940e-02 3.764676382206744165e-02 9.444198439041429083e-03 0.000000000000000000e+00 1.491537095398598467e-02 6.105126738793842378e-02 1.520798573048978142e-01
6.820257771187243634e-02 3.237436813196836738e-02 5.993816763975701178e-03 0.000000000000000000e+00 1.349237401404934644e-02 5.527415131200541509e-02 1.384537415949580463e-01
1.133800983609489776e-01 5.684107403999405506e-02 1.260516384400034440e-02 0.000000000000000000e+00 2.270090683600756165e-02 8.758321329287355184e-02 1.786401333908997913e-01
8.524117843785461446e-02 2.821431859592848923e-02 2.009478666877839714e-03 0.000000000000000000e+00 1.658318916497591999e-02 6.423395235879070242e-02 1.749463853298038885e-01
4.878012816698173992e-02 1.163447120802629797e-02 0.000000000000000000e+00 5.461968497911584564e-03 2.705552784209430683e-02 9.528297085489612073e-02 3.037737634449513280e-01
1.082184300798871845e-01 4.167673757683587610e-02 4.744247017924863030e-03 0.000000000000000000e+00 7.360869066815212136e-03 3.015998474393200013e-02 9.791194007789272291e-02
3.532965123395115370e-02 1.468684938981823507e-02 1.814954252949974034e-03 0.000000000000000000e+00 8.030879422904035891e-03 3.632951831195896375e-02 1.115222074188295664e-01
9.042756375902172294e-02 4.478785076707936241e-02 9.348150025061841006e-03 0.000000000000000000e+00 1.007621534313329903e-02 4.630067890616373916e-02 1.372343484999873908e-01
8.771472828721016413e-02 3.970680666020598437e-02 8.129730164000648074e-03 0.000000000000000000e+00 7.739947945992753375e-03 3.444185842909064377e-02 1.013878318701699754e-01
6.689481851617529173e-02 3.121083329119755945e-02 7.576506890018208651e-03 0.000000000000000000e+00 4.209288373203889932e-03 1.981516241403369349e-02 6.156518008810962783e-02
4.375358316815436410e-02 2.095317183011502493e-02 4.553562414002954029e-03 0.000000000000000000e+00 6.481948832060879795e-03 5.120925397000064550e-02 2.801482516090345598e-01
6.239359343703654304e-02 3.360427563598022971e-02 8.729417927952454193e-03 0.000000000000000000e+00 1.258625117202427646e-02 9.596630510509385203e-02 4.590849433429866622e-01
9.032649634991685161e-02 3.569556796287542966e-02 6.169497980863525299e-03 0.000000000000000000e+00 1.439556085892945703e-02 7.476365834600073867e-02 2.454081163969021873e-01
4.970882906513907074e-02 2.736743176001255051e-02 8.725831661195115885e-03 0.000000000000000000e+00 3.900192913079081336e-03 3.116729586713518074e-02 1.096741020460285654e-01
5.043288690694680554e-02 2.805168794498058560e-02 7.437117852987285005e-03 0.000000000000000000e+00 6.076832962889966439e-03 2.349077401981958246e-02 5.892245267682483245e-02
7.561631114799638453e-02 3.981432265186413133e-02 1.091875053384683270e-02 0.000000000000000000e+00 1.027148164894242655e-03 1.768732888695012662e-02 8.043267736093184794e-02
6.125242771713601542e-02 3.031947866702466854e-02 6.329805833956925198e-03 0.000000000000000000e+00 5.826946198112636921e-03 2.398128133495447400e-02 7.246245558803821041e-02
9.075658552706045157e-02 4.141605262202574522e-02 8.573139956070008338e-03 0.000000000000000000e+00 2.725514701978681842e-03 1.139793868492233742e-02 3.626642708400140691e-02
5.169317704803688684e-02 1.735842159905587323e-02 9.931502049767004792e-04 0.000000000000000000e+00 6.297624526041545323e-03 2.110755571811750997e-02 6.097685272106900811e-02
4.763012253897613846e-02 1.032195460311413626e-02 4.990087961687095230e-04 0.000000000000000000e+00 4.841141502993195900e-03 1.391732397610212502e-02 2.539819337403059762e-02
6.076983239518085611e-02 2.792960260399013350e-02 6.290803722095006378e-03 0.000000000000000000e+00 2.895396621170220897e-03 2.249733186317826039e-02 1.301657047351909569e-01
5.484953886207222240e-02 3.079875982916746580e-02 8.339629792089908733e-03 0.000000000000000000e+00 2.535772196097241249e-03 1.333144209911552025e-02 5.773229834312587627e-02
1.134737290199154813e-01 6.552373130693922576e-02 1.799204437588741712e-02 0.000000000000000000e+00 2.665040270812824019e-03 1.553248797790729441e-02 5.392684715093309933e-02
1.091551903409708757e-01 2.522811347398601356e-02 1.268851481881938525e-03 0.000000000000000000e+00 4.294000389791108319e-03 1.759435334997760947e-02 7.311993356188395410e-02
1.677596244780943380e-01 2.384615563209990796e-02 6.808751820699399104e-04 0.000000000000000000e+00 5.950145964106923202e-03 4.034004256709522451e-02 1.909457102331089118e-01
9.799717957271241175e-01 2.021393108191205101e-01 2.495801795407714962e-02 0.000000000000000000e+00 9.263309631023730617e-03 5.615497201210928324e-02 2.061001641211532842e-01
1.639773815600165108e-01 5.673162341122406360e-02 9.028164811070382711e-03 0.000000000000000000e+00 4.368919911030388903e-03 2.688398652821888390e-02 1.147867478161970212e-01
5.161060714203813404e-02 1.933149198703176808e-02 3.574747822995050228e-03 0.000000000000000000e+00 6.890995796993593103e-03 3.995334940714201366e-02 1.725794886751828017e-01
2.795686968693189556e-02 1.201470885098387953e-02 3.605195822046880494e-03 0.000000000000000000e+00 5.153457479991629953e-04 1.001353654010017635e-02 6.091427983096764365e-02
2.293969913193905086e-02 7.383015487903321628e-03 1.352525968968620873e-03 0.000000000000000000e+00 2.510357744085922604e-03 1.225759462295172852e-02 5.422695097695395816e-02
2.403029045399307506e-02 1.174569543991310638e-02 4.481316191004225402e-03 4.048980090374243446e-04 0.000000000000000000e+00 4.732146443075180287e-03 4.098697791596350726e-02
3.144367684308235766e-02 1.294796203114856326e-02 1.228681295060596312e-03 0.000000000000000000e+00 9.489625995001915726e-03 2.376361915503366617e-02 6.129661804811803449e-02
3.666808080515693291e-02 1.952670732907790807e-02 5.781043291108289850e-03 0.000000000000000000e+00 2.539532486025564140e-03 7.549066746150856488e-03 2.135737110006630246e-02
4.090930334905351629e-02 1.888474750307977956e-02 4.623595415068848524e-03 0.000000000000000000e+00 4.830036994917463744e-03 2.273468255998523091e-02 7.502339037000638200e-02
4.474328533501648053e-02 2.023747040198031755e-02 5.285050114935074816e-03 0.000000000000000000e+00 6.412481273855519248e-03 4.361852860597537074e-02 2.026580622239180229e-01
5.724298756194912130e-02 2.739573825897423376e-02 5.330817660023967619e-03 0.000000000000000000e+00 1.456883298192224174e-02 7.865140692797467636e-02 3.452717848169868375e-01
7.458080168703418167e-02 5.585160034297587117e-02 1.965430002906032314e-02 0.000000000000000000e+00 3.525687935962196207e-03 3.108896282697060087e-02 1.134134505380188784e-01
1.372911971998291847e-02 6.077452990894016693e-03 9.055427790372050367e-05 0.000000000000000000e+00 9.470042660950639402e-03 3.549221623393350455e-02 1.092540666838885954e-01
1.957907409905601526e-02 3.542217237963996013e-03 2.172561403313011397e-05 0.000000000000000000e+00 4.131698663968563778e-03 2.609883658010403451e-02 1.346577965530286747e-01
7.709292486310914683e-02 2.397610180605624919e-02 4.691242992066690931e-03 0.000000000000000000e+00 8.377515677011615480e-03 3.186322792294049577e-02 8.830173447108791152e-02
3.099810396029170079e-01 6.160360859985303250e-02 1.061004224493444781e-02 0.000000000000000000e+00 5.459534861984138843e-03 2.723258507489845215e-02 8.869924749888014048e-02
3.465845656880901515e-01 7.321325616817375703e-02 1.231633400607279327e-02 0.000000000000000000e+00 6.618970607178198406e-03 2.907942557612841483e-02 7.094598700314236339e-02
1.370461764179253805e-01 2.838235543595146737e-02 2.366718689927438390e-03 0.000000000000000000e+00 1.787580322502435592e-02 5.756407366493476729e-02 9.968053939701349009e-02
4.762774396060649451e-01 9.946472567594355496e-02 1.641786872710326861e-02 0.000000000000000000e+00 6.932679300916788634e-03 3.040281562812197080e-02 6.793386054596339818e-02
1.513937723630078835e-01 2.372024823807805660e-02 0.000000000000000000e+00 1.597882651140025700e-03 2.198181026119527814e-02 6.426358543103560805e-02 1.495125732819815312e-01
1.281789651161489019e-01 3.947790979100318509e-02 1.621681130404795113e-02 4.821185098080604803e-03 0.000000000000000000e+00 1.091831178609936615e-02 5.470007080998584570e-02
8.081483537307576626e-02 2.898668847615226696e-02 9.293513039210665738e-03 7.634580731519235997e-04 0.000000000000000000e+00 8.866426742088151514e-03 3.472904361319706368e-02
8.918716100492929399e-02 2.359498069608889637e-02 4.701641960991764790e-03 0.000000000000000000e+00 2.583180903911852511e-03 1.618052676894876640e-02 4.677746773700164340e-02
7.386215143287699902e-02 2.120159172886815213e-02 3.150890742972478620e-03 0.000000000000000000e+00 3.998704721880130819e-03 1.565776341089986090e-02 4.341004244679425028e-02
1.440306236659125716e-01 6.144617102495431027e-02 1.238045633908768650e-02 0.000000000000000000e+00 4.948427076897132793e-03 1.929748555494370521e-02 5.138763933609880041e-02
1.174785377518219320e-01 3.892940787295628979e-02 7.964645410993398400e-03 0.000000000000000000e+00 5.724751044908771291e-03 2.363009140094618488e-02 4.464872942889996921e-02
1.756594231369490444e-01 4.435547278490048484e-02 9.548299558900907869e-03 9.180922329505847301e-04 0.000000000000000000e+00 5.721846333017310826e-03 2.163599031496232783e-02
2.483049387508344807e-01 5.529129820092748560e-02 1.488710785497460165e-02 3.477203160855424358e-03 0.000000000000000000e+00 6.829579941950214561e-03 2.419310885193226568e-02
7.557325504399159399e-02 1.710115467494688346e-02 2.975696879957467900e-03 0.000000000000000000e+00 2.770176271951640956e-03 1.234482793597635464e-02 2.441537430399876030e-02
8.610691943704296136e-02 1.813187588004439021e-02 5.887490690383856418e-04 0.000000000000000000e+00 6.839083156137348851e-03 1.785821240514451347e-02 2.943505990810990625e-02
6.033962005813009455e-02 2.325714907806286647e-02 5.295978417052538134e-03 0.000000000000000000e+00 4.751411795041349251e-03 1.784336234800321108e-02 3.379061478108269512e-02
6.164725967914819194e-02 2.245128899699011527e-02 8.410507366079400526e-03 2.252224375979494653e-03 0.000000000000000000e+00 2.467590897140325978e-03 8.516934517047047848e-03
8.883390774099098053e-02 2.737815858699832461e-02 5.925243320007211878e-03 0.000000000000000000e+00 3.800290009166928940e-03 2.318647507104287797e-02 7.863068627398206445e-02
1.914618572911876981e-01 4.662923182218037255e-02 8.824944179195881588e-03 0.000000000000000000e+00 2.254851920042710844e-03 1.893000764903263189e-02 5.475773202601885714e-02
1.371958337240357650e-01 4.583231377614538360e-02 1.266710985601093853e-02 2.578921895974417566e-03 0.000000000000000000e+00 1.437381737105170032e-03 9.083177093998529017e-03
3.562019600303756306e-02 7.740762113144228351e-03 0.000000000000000000e+00 2.660122620454785647e-04 6.940993844182230532e-03 1.792881564301751496e-02 2.693771380199905252e-02
2.794085883397201542e-02 1.176919193403591635e-02 4.029202586025348864e-03 0.000000000000000000e+00 2.882318053025301197e-03 1.419536243201946490e-02 2.665921406105553615e-02
1.959611097595370666e-02 4.519158101857101428e-03 0.000000000000000000e+00 3.300384672002110165e-03 1.109861051190819126e-02 2.099853448294197733e-02 3.166768756500459858e-02
3.401083828293849365e-02 1.169828856995991373e-02 2.909540794917120365e-03 0.000000000000000000e+00 4.119665281905326992e-03 1.562081802990178403e-02 3.950805981389748922e-02
6.188061609805117769e-02 1.484756412605747755e-02 1.712206497131774086e-03 0.000000000000000000e+00 5.891863730994373327e-03 1.874474998999176023e-02 5.311694270608313673e-02
7.961683522898965748e-02 2.277201023412089853e-02 5.717344301046978217e-03 3.264010720158694312e-04 0.000000000000000000e+00 5.442477113092536456e-03 2.020719881102195359e-02
5.594728406413196353e-02 1.571132659796603548e-02 3.912718995024988544e-03 0.000000000000000000e+00 1.263976281961731729e-03 8.166171881157424650e-03 2.265536743698248756e-02
3.299804740208855947e-02 1.140818855606084981e-02 1.786485707043539151e-03 0.000000000000000000e+00 8.014821475171629572e-03 2.311125978917516477e-02 5.052017518505635962e-02
2.789620615499188716e-02 1.682539642115443712e-02 7.730473775154678151e-03 8.121180910620751092e-04 0.000000000000000000e+00 5.765718728980573360e-03 1.435226898001928930e-02
3.593343294710393820e-02 7.599838532996727736e-03 0.000000000000000000e+00 3.981997290111394250e-03 1.555848010207228072e-02 3.035944881207797152e-02 4.360692896693763032e-02
1.909245340830239002e-01 4.944519616697107267e-02 1.238200697002866946e-02 0.000000000000000000e+00 9.946938082975975703e-03 1.180001942968829098e-01 8.399520921259409079e-01
1.154336243071156787e-01 3.790149988003577164e-02 1.061449185090168612e-02 0.000000000000000000e+00 1.849374623293442710e-02 1.559829950119819841e-01 8.178825876680093643e-01
6.945164062699404894e-02 3.400963981903259992e-02 7.170472676079953089e-03 0.000000000000000000e+00 2.108673122415893886e-02 1.273357869590654445e-01 4.840717214490268816e-01
1.111587125690221001e-01 4.665382065900303132e-02 1.143325123689464817e-02 0.000000000000000000e+00 6.198658710900417645e-03 4.827394457288392005e-02 2.038459932809928432e-01
6.669954465701266599e-02 2.079402864001167472e-02 1.260430530010125949e-03 0.000000000000000000e+00 3.707625991114582575e-02 1.663625921389666473e-01 4.344154075140522764e-01
9.616022061095463869e-02 3.276409342583974649e-02 8.866516954867620370e-03 0.000000000000000000e+00 6.591586883814670728e-03 4.845578685490181670e-02 1.864802844897894829e-01
4.919851213685433322e-02 2.324493977585007087e-02 6.289261402798729250e-03 0.000000000000000000e+00 2.882993304592673667e-02 1.770323371688391489e-01 5.262224793909808795e-01
7.789844149306190957e-02 3.374809701904268877e-02 8.565303164914439549e-03 0.000000000000000000e+00 1.552551979102645419e-02 1.070228879718797543e-01 3.858920523948654591e-01
1.103077072868927644e-01 5.614463349797915726e-02 1.655115634684989345e-02 0.000000000000000000e+00 3.068331839790516824e-02 2.262859020488576789e-01 7.007974087609909475e-01
1.160635402591196907e-01 4.145578617499268148e-02 1.183547011396512971e-02 0.000000000000000000e+00 7.233661518966982840e-03 6.340545091507010511e-02 2.413438700070855703e-01
8.200103621288690192e-02 2.845924214784645301e-02 3.957498649924673373e-03 0.000000000000000000e+00 1.844827960894690477e-02 9.720602851598414418e-02 3.584486970260059024e-01
9.855845103902538540e-02 4.038967041105934186e-02 8.870302840023214230e-03 0.000000000000000000e+00 8.374002592972829007e-03 4.197129945805500029e-02 1.151571491459435492e-01
8.873331352901914215e-02 3.289934021313456469e-02 2.894577025017497363e-03 0.000000000000000000e+00 8.996675338948989520e-03 2.049922950800464605e-02 3.269502921307321230e-02
1.110578268148856296e-01 4.994319753404852236e-02 1.186918917892398895e-02 0.000000000000000000e+00 3.753789511847571703e-03 1.818888801903995045e-02 4.720349975991666724e-02
7.835701215708468226e-02 2.362127604101260658e-02 1.135924638901997241e-03 0.000000000000000000e+00 8.457930862959983642e-03 2.847323559399228543e-02 7.723002330703820917e-02
2.136677221678837668e-01 9.237111883999205020e-02 2.065739304589442327e-02 8.470099239730188856e-04 0.000000000000000000e+00 6.294506619951789617e-03 2.140667818093788810e-02
1.282776314110378735e-01 5.842246940801487654e-02 1.251613678505236749e-02 0.000000000000000000e+00 2.912631608978699660e-03 1.295239420414873166e-02 2.766432704311228008e-02
8.436955199908879877e-02 3.757028609788903850e-02 8.244787270086817443e-03 0.000000000000000000e+00 3.347990983911586227e-03 1.281542393098789034e-02 2.727029594507257571e-02
3.819222188394633122e-02 1.068254226197495882e-02 0.000000000000000000e+00 9.612199710318236612e-04 7.449360258988235728e-03 1.689511858808145917e-02 2.834507987313372723e-02
3.220448658794339281e-02 5.644193254966012319e-03 0.000000000000000000e+00 3.952603766947504482e-03 1.250376969596800336e-02 2.357689162181486608e-02 3.577092192381314817e-02
8.648019174711407686e-02 2.827769686405190441e-02 3.188997178995123249e-03 0.000000000000000000e+00 9.004220270071527921e-03 2.974706908912594372e-02 6.718631309399825113e-02
2.122624165419892961e-01 9.142154920596112788e-02 1.881080597490836226e-02 0.000000000000000000e+00 4.120935794844626798e-03 1.678906633105725632e-02 4.232337907887995243e-02
7.407601240902295103e-02 2.346704983506242570e-02 2.908192084987604176e-03 0.000000000000000000e+00 8.538622440028120764e-03 4.026826487597645610e-02 1.671055239760335098e-01
1.860210719148653880e-01 9.260163027784074075e-02 1.901420416788823786e-02 0.000000000000000000e+00 1.026705379399572848e-02 4.720566794981095882e-02 1.904597044908769021e-01
5.123343362311061355e-02 1.666933414799132152e-02 0.000000000000000000e+00 5.126171148049252224e-03 5.811867049192187551e-02 3.216388374250982451e-01 1.020955939979103277e+00
5.488846918501621985e-02 1.598691188701195642e-02 4.321793951476138318e-04 0.000000000000000000e+00 1.398839823514208547e-02 8.929643079909510561e-02 5.739157019829690398e-01
6.973568899002202670e-02 2.642853344900686352e-02 5.749295298983270186e-03 0.000000000000000000e+00 1.369268536996059993e-02 8.813483071890004794e-02 4.650952252520710317e-01
8.716383625005619251e-02 4.771679435907572042e-02 1.305580032408215629e-02 0.000000000000000000e+00 5.710019579055369832e-03 3.988881606710492633e-02 1.900776586510346533e-01
1.858891948791097093e-02 8.754751873993882327e-03 2.190237321883614641e-03 0.000000000000000000e+00 9.374320195092877839e-03 6.756931710606295383e-02 3.240707203990496055e-01
1.161947781201888574e-02 9.334280937082439777e-03 4.589204444073402556e-03 0.000000000000000000e+00 3.577714950097288238e-03 3.448726426108805754e-02 1.482585182470756990e-01
2.733846371097570227e-02 1.654853436093617347e-02 5.820726730007663718e-03 0.000000000000000000e+00 1.411665233945313958e-03 2.037736827901426295e-02 1.079543414989529992e-01
2.083692602400333271e-02 1.128019500492882798e-02 1.702538625977467746e-03 0.000000000000000000e+00 1.777795071598120558e-02 9.949181744491397694e-02 4.504261710569608113e-01
2.184316897387361678e-02 1.227756659181977739e-02 2.823305638912643190e-03 0.000000000000000000e+00 1.071844679086098040e-02 6.421871897487108072e-02 2.966149706669511943e-01
1.053347494689660380e-02 2.125047879871999612e-03 0.000000000000000000e+00 7.637142780367867090e-04 5.539385681004205253e-03 3.626073912801075494e-02 1.855316039070658007e-01
2.983068768389784964e-02 1.811708536592959717e-02 5.188296051983343204e-03 0.000000000000000000e+00 1.625666906784317689e-02 1.335235529729743575e-01 1.155560891658979017e+00
2.710037526594533119e-02 8.689088492928931373e-03 1.526590368030156242e-03 0.000000000000000000e+00 7.785422752021986526e-03 5.519167491002008319e-02 2.786227181820777332e-01
5.564626000204953016e-02 1.375781108208684600e-02 2.407064341014120146e-03 0.000000000000000000e+00 1.955387855105072958e-03 1.770600398413080256e-02 9.089008771798035013e-02
2.895789781791791029e-02 5.295469851034795283e-03 0.000000000000000000e+00 3.442787053018037113e-03 2.152797219901003700e-02 7.957238703602342866e-02 2.165027802179793071e-01
3.196604537197345053e-02 7.410837396037095459e-03 0.000000000000000000e+00 1.539609032988664694e-03 1.421362433188733121e-02 5.551196269993852184e-02 1.494533637749100308e-01
2.426621783299651725e-01 9.195961571890620689e-02 2.380323018996932660e-02 0.000000000000000000e+00 1.976040780687071674e-02 1.945887983029024326e-01 8.161747099350122880e-01
1.262642189269627124e-01 5.328264407285132620e-02 1.585442510190659959e-02 0.000000000000000000e+00 1.000601539089984726e-02 9.139675346091280517e-02 3.629673353418638726e-01
2.162021218641712039e-01 9.115694616707514797e-02 2.691055100103767472e-02 0.000000000000000000e+00 1.806196014968008967e-03 8.026490427300814190e-02 3.987027303510330967e-01
1.802518497390792618e-01 7.331347977719815390e-02 1.836209956809398136e-02 0.000000000000000000e+00 4.640838783416256774e-02 2.852174942240708333e-01 7.476978023610172386e-01
2.059223902449502930e-01 6.592187045112041233e-02 1.476232919594622217e-02 0.000000000000000000e+00 1.166080452003370738e-02 9.096327713996288367e-02 2.704532194759394770e-01
2.595726672209366370e-01 6.180007073180604493e-02 1.175557293095153000e-02 0.000000000000000000e+00 1.270022037988383090e-02 9.233546828590988298e-02 2.970336753119227069e-01
3.063704913749916159e-01 6.514273748803134367e-02 8.184616527159960242e-03 0.000000000000000000e+00 1.134201321406180796e-02 1.015084029211266170e-01 5.212189861110800848e-01
2.730266156650031917e-01 6.097277876006046426e-02 6.792339795083535137e-03 0.000000000000000000e+00 9.482666784151660977e-03 5.839975257504192996e-02 2.350885418081816169e-01
4.750543907150586165e-01 1.799282705189853004e-01 3.254069106992574234e-02 0.000000000000000000e+00 3.769245008925281581e-03 5.939773654904456635e-02 3.480681955400086736e-01
1.003107025949248055e-01 2.779898212793341372e-02 2.604552659022374428e-03 0.000000000000000000e+00 2.834392854401812656e-02 2.127820880739363929e-01 8.805140276710972103e-01
1.911555419360411179e-01 6.104502063908512355e-02 1.362208067803294398e-02 0.000000000000000000e+00 2.008160211607901147e-02 1.660363626369871781e-01 6.800564017009946838e-01
3.007491288849450939e-01 1.037976676630023576e-01 1.884901327889565437e-02 0.000000000000000000e+00 8.157581768955424195e-03 5.964380488399001479e-02 2.597533483819916000e-01
8.739086832249540748e-01 2.357732468969970796e-01 2.917909950292596477e-02 0.000000000000000000e+00 2.793591710792497906e-02 2.319002747310605628e-01 1.535641174127931663e+00
1.898382698650493694e-01 4.341389319597510621e-02 3.217006955992474104e-03 0.000000000000000000e+00 1.740457497908209916e-02 1.158442551750340499e-01 5.405699033640303242e-01
2.641407578348662355e-01 7.760005159389038454e-02 1.325259990198901505e-02 0.000000000000000000e+00 2.279502943702027551e-02 1.874551412320215604e-01 1.052174915440900804e+00
2.251901085098779731e-01 7.270964166082194424e-02 6.882869654873502441e-03 0.000000000000000000e+00 3.135156873986488790e-02 2.245568468649707938e-01 1.719092069706903203e+00
1.287546915489201638e-01 6.540504295503524190e-02 1.594241829684506229e-02 0.000000000000000000e+00 3.296225301392041729e-02 3.090366597418778838e-01 1.946746790076986144e+00
1.007845714609629795e-01 4.305132659396804229e-02 6.778498317999037681e-03 0.000000000000000000e+00 1.819784975805305294e-02 1.283119366310074838e-01 9.009270827239106438e-01
2.373019912970448786e-01 6.715587813005186035e-02 4.898698359966147109e-03 0.000000000000000000e+00 2.292970011399120267e-02 1.402830093088596186e-01 7.630642832129979070e-01
1.176148841818758228e-01 3.642907035805365012e-02 3.602587554041747353e-03 0.000000000000000000e+00 6.157128648965226603e-03 3.911261793996345659e-02 2.275336708780741901e-01
7.743923261000418279e-02 1.980417714298710052e-02 0.000000000000000000e+00 1.590608922015235294e-03 1.540275558113535226e-02 6.898921570518723456e-02 3.394146189450566453e-01
3.605062341921438929e-01 1.575738315470971429e-01 3.493317203810875071e-02 0.000000000000000000e+00 5.508416332986598718e-03 5.379455233810404025e-02 2.934088612851155631e-01
1.376049404809691623e-01 6.351021765999576019e-02 1.436885037514912256e-02 0.000000000000000000e+00 2.566053626901521056e-02 1.943528614401657251e-01 9.667884795260306419e-01
7.457667458902506041e-02 4.091116058498300845e-02 1.096044160590281535e-02 0.000000000000000000e+00 1.340993252097177901e-02 8.719836499790289963e-02 3.846321949138200580e-01
1.670806253130194818e-01 6.547143099510321917e-02 8.470817187117063440e-03 0.000000000000000000e+00 2.882784724306475255e-02 1.552072718450290267e-01 6.469339883619795728e-01
2.835097172130645049e-01 1.168599734710369376e-01 2.231206252895390207e-02 0.000000000000000000e+00 3.857002553309030191e-02 2.390688656080328656e-01 1.032599596150021171e+00
6.004613868094565987e-02 2.629300498506381700e-02 7.560592797062781756e-03 0.000000000000000000e+00 8.694572714148307568e-03 7.453552200104240910e-02 3.866447775610595272e-01
2.169521013297526224e-02 1.010710152991123323e-02 2.481418622892306303e-03 0.000000000000000000e+00 1.137406822090269998e-02 8.891939719296715339e-02 5.099145846859300946e-01
3.383372739108381211e-02 2.010826171704138687e-02 6.602623712979038828e-03 0.000000000000000000e+00 7.551862146101484541e-03 4.703975467396048771e-02 1.938674376890503481e-01
8.795711329867117456e-03 2.715682941925479099e-03 0.000000000000000000e+00 1.132231809606309980e-04 8.744108874907396967e-03 6.046999581189993478e-02 2.854131680189766485e-01
7.663299790010569268e-03 5.044416971941245720e-03 2.145870186950560310e-03 0.000000000000000000e+00 3.116333791922443197e-03 3.559874722304812167e-02 2.021556533338753070e-01
2.326765502198213653e-02 1.472437505913148925e-02 4.859622005142227863e-03 0.000000000000000000e+00 3.777097544116259087e-03 3.231341656100994442e-02 1.318651583701466734e-01
3.739928043501095090e-02 1.397884998596055084e-02 1.982738343940582126e-03 0.000000000000000000e+00 6.442867796067730524e-03 4.224840588904044125e-02 1.789768556270701083e-01
8.616376442000728275e-02 4.875612320506661490e-02 1.387814063809855725e-02 0.000000000000000000e+00 7.115672452073340537e-03 7.279260705104206863e-02 4.147236361750401556e-01
9.775828363490290940e-02 4.169111061787589279e-02 7.967011507844290463e-03 0.000000000000000000e+00 1.739163203092175536e-02 1.085682229429494328e-01 4.686756475268794020e-01
4.423607954481667548e-01 8.005317569313774584e-02 1.296946219918027055e-02 0.000000000000000000e+00 2.541104277042904869e-03 2.434874322511859646e-02 9.595181138320185710e-02
3.655095207113845390e-02 1.317828669311893464e-02 2.214285448189912131e-03 0.000000000000000000e+00 5.056120695144272759e-03 1.554588399403655785e-02 2.609203011616045842e-02
3.543185373086998879e-02 8.509157601793049253e-03 0.000000000000000000e+00 3.429329156915628118e-03 1.439117709878701135e-02 2.939869612782786135e-02 4.539561286492244108e-02
2.122323323010277818e-01 4.569870391196673154e-02 7.275165103010294843e-03 0.000000000000000000e+00 3.362045756148290820e-03 1.793061293597020267e-02 4.931658739110389433e-02
3.998575576620169159e-01 1.167529023689439782e-01 1.860211177995552134e-02 0.000000000000000000e+00 5.180128363008407177e-03 2.046938480793869530e-02 4.463512930396973388e-02
1.094658445648974521e+00 1.189692547300182923e-01 7.277849027104821289e-03 0.000000000000000000e+00 3.324389583099218726e-02 2.294591634899916244e-01 1.249175178349105408e+00
6.952000954900086072e-01 2.281583656349539524e-01 3.196257771401178616e-02 0.000000000000000000e+00 1.321865808404254494e-02 7.990156415098681464e-02 3.049805821540303441e-01
3.680871183130420832e-01 1.092069844571597059e-01 2.112892571312841028e-02 0.000000000000000000e+00 1.631556375059517450e-03 1.824170296299598704e-02 5.744923420297709526e-02
5.165735731309268886e-01 1.362156564869110298e-01 2.326155430978360528e-02 0.000000000000000000e+00 2.254385691003335523e-03 1.653806468084439985e-02 4.344058358083202620e-02
2.445855968719570228e-01 7.929327711599398754e-02 1.630632389787933789e-02 0.000000000000000000e+00 5.254181997997875442e-03 2.975646176605550863e-02 1.122003011930701177e-01
7.987831051400462457e-02 3.044267027485147992e-02 9.040036967917330912e-03 0.000000000000000000e+00 8.881166741957713384e-03 8.705674046382227971e-02 4.213525584398212231e-01
5.980440755911331507e-02 2.893510585408876068e-02 1.137553943817692925e-02 0.000000000000000000e+00 6.056352136056375457e-03 5.179909441721974872e-02 1.797829805971105088e-01
2.652791278319455159e-02 1.388993359910273284e-02 1.572077944047123310e-03 0.000000000000000000e+00 3.194691852309006208e-02 1.813571535371920618e-01 5.150459467010932713e-01
1.035189601550428051e-01 5.447108309795112291e-02 1.290456133710904396e-02 0.000000000000000000e+00 2.176579450792814896e-02 1.348216072519790032e-01 4.269423370230924775e-01
2.287253083100040385e-01 4.498230073795639328e-02 8.601509867958156974e-03 0.000000000000000000e+00 5.708301347112865187e-03 2.136672042115606018e-02 3.957686493708933995e-02
7.827853382195826271e-02 2.023443912298716896e-02 3.181089120062097209e-03 0.000000000000000000e+00 3.904123241909474018e-03 1.454847771606182505e-02 3.058034000605402980e-02
7.620886485392475151e-02 1.760537070003920235e-02 1.083298627008844051e-03 0.000000000000000000e+00 6.605852018992663943e-03 3.798216037398560729e-02 1.984630833769642777e-01
1.399108669161250873e-01 4.725945113500529260e-02 1.107582537110829435e-02 0.000000000000000000e+00 5.326703505943441996e-03 3.827934025503054727e-02 1.669022275809766143e-01
4.147585754378724232e-01 9.935827411095488060e-02 1.273098238698366913e-02 0.000000000000000000e+00 1.154532166992794373e-02 2.980885326701354643e-02 4.041609704495385813e-02
6.497804290181647957e-01 1.410058308831594331e-01 1.743601581506482034e-02 0.000000000000000000e+00 1.782035395103775954e-02 1.325217994360627927e-01 7.741632337970258959e-01
3.177592782410556538e-01 3.850323895994733903e-02 0.000000000000000000e+00 1.792222006088195485e-03 1.582741288507349964e-02 2.843937621105396829e-02 3.201907121410840773e-02
1.574402243081749475e-01 3.360768649213241588e-02 3.993769571479788283e-04 0.000000000000000000e+00 3.869541885705984896e-02 2.424547469590834226e-01 1.065650864331018965e+00
9.879084635008439363e-02 2.068397001016819559e-02 0.000000000000000000e+00 3.562890201465052087e-04 2.490262126798370446e-02 1.391571092531194154e-01 5.758473961780055106e-01
6.201342921599461988e-02 1.568581934702706349e-02 2.461465433043485973e-03 0.000000000000000000e+00 8.229156469042209210e-03 5.355186121391852794e-02 2.567414399029530614e-01
3.897866457486998115e-02 9.896350293047362356e-03 1.778020689926052000e-03 0.000000000000000000e+00 9.771416300964119728e-03 7.965133809602775727e-02 4.259390885458742559e-01
1.225199100549616560e-01 3.803117531901989423e-02 9.831551006982408580e-03 0.000000000000000000e+00 3.664115524088629172e-03 3.225927891412538884e-02 1.462736746600512561e-01
1.010438124551455985e-01 3.176769160404546710e-02 1.085356301109641208e-02 7.072434209476341493e-05 0.000000000000000000e+00 2.106832265303637541e-02 9.776003565207247448e-02
3.574842772809461167e-02 1.491303202192284516e-02 4.178646519903850276e-03 0.000000000000000000e+00 8.218873205123600201e-03 6.218280800499087491e-02 3.117604501860569144e-01
5.052433183300308883e-02 1.731107931209407980e-02 4.219067765006911941e-03 0.000000000000000000e+00 6.882936819010865293e-03 3.586309928709852102e-02 1.426475366579325055e-01
7.533631077899372031e-02 1.851757825397726265e-02 5.108380217052399530e-03 0.000000000000000000e+00 4.059528730522288242e-04 1.110297765717405127e-02 6.463475974214816233e-02
2.412497232194255048e-02 1.615777823599273688e-02 6.923014358108048327e-03 0.000000000000000000e+00 5.963564323110404075e-03 5.042644555601327738e-02 2.406258826820248942e-01
2.985399730300741794e-02 1.420433474709170696e-02 3.866479995167537709e-03 0.000000000000000000e+00 6.242164913146552863e-03 3.467366808808947098e-02 1.273049947219533351e-01
6.181434502104821149e-02 2.728778959703959117e-02 8.416676765136799077e-03 0.000000000000000000e+00 2.896693511956982547e-03 2.009473625707869360e-02 6.389618708612943010e-02
2.673312974093278171e-02 1.161258587512747908e-02 2.866007900138356490e-03 0.000000000000000000e+00 2.531794902097317390e-03 1.134373236914143490e-02 3.012862974196650612e-02
8.998660510201261786e-02 4.624666119002540654e-02 1.161631417699027224e-02 0.000000000000000000e+00 4.581965485158434603e-03 1.814599918407111545e-02 3.334600755806604866e-02
2.998643323803662497e-02 1.176477009903464932e-02 0.000000000000000000e+00 1.037429951793455984e-04 1.142268692910874961e-02 4.286663695506831573e-02 1.424069764120758919e-01
5.422058763792847458e-02 2.385100374499415921e-02 6.093821162039603223e-03 0.000000000000000000e+00 7.053137478578719310e-04 9.435508774004119914e-03 4.043580328698226367e-02
1.975297731110003951e-02 7.511630112048806041e-03 9.821015091802109964e-04 0.000000000000000000e+00 5.461515474053157959e-03 1.792233955711708404e-02 4.766244004099462472e-02
1.641740892000598251e-02 5.115491303058661288e-03 4.507755099893984152e-04 0.000000000000000000e+00 3.761014015026376001e-03 1.809473837897712656e-02 6.323739796903282695e-02
6.083326334101002431e-02 3.032196959111388423e-02 9.196487003919173731e-03 0.000000000000000000e+00 3.772669155068797409e-03 4.791163414711263613e-02 1.831625897480080312e-01
2.429635912403682596e-02 1.308939605496561853e-02 4.120003138041283819e-03 0.000000000000000000e+00 3.257918725012132199e-03 2.382967851485773281e-02 1.059373922978465998e-01
3.729060873092748807e-02 1.747905083902878687e-02 3.436095483948520268e-03 0.000000000000000000e+00 7.180711713090204285e-03 2.275717593806803052e-02 6.076103821987999254e-02
2.658157159112306545e-02 1.330956419610629382e-02 2.981687402098032180e-03 0.000000000000000000e+00 6.596215878062139382e-03 3.757204376415756997e-02 1.326805043149761332e-01
2.646237058593214897e-02 1.722825226192981063e-02 6.675006842897346360e-03 0.000000000000000000e+00 4.871703479921052349e-03 4.043814329793349316e-02 1.278514314610674774e-01
2.298780848013848299e-02 1.530150279518238676e-02 6.245650114124146057e-03 0.000000000000000000e+00 1.275866403148029349e-03 2.212428182997427939e-02 7.794011898613462108e-02
3.572652215916605201e-02 2.024344032111002889e-02 5.844398239105430548e-03 0.000000000000000000e+00 1.002851341513633088e-02 6.577397945397933654e-02 2.121036440041734750e-01
3.713246536494807515e-02 1.847747031206381507e-02 4.105701631033298327e-03 0.000000000000000000e+00 1.875833083613542840e-02 1.066790034410587396e-01 2.982984103559829236e-01
2.157598659891846182e-02 1.054801457803478115e-02 1.551387425024586264e-03 0.000000000000000000e+00 1.997318791904945101e-02 1.301448584210902482e-01 4.506185515710967593e-01
3.949189064996971865e-03 5.392908858539158246e-04 0.000000000000000000e+00 1.537393006856291322e-03 1.436488934086810332e-02 7.404930886082183861e-02 2.684871588598980452e-01
1.023527838515292387e-02 2.287934274136205204e-03 0.000000000000000000e+00 2.030111920703348005e-04 1.009300381815592118e-02 8.134872650111901748e-02 4.890337422912125476e-01
1.550303911108130706e-02 6.572351223212535842e-03 1.714937398219262832e-03 0.000000000000000000e+00 1.512731254911159340e-02 1.558935084601671406e-01 1.751021776095058158e+00
2.105919999894467765e-02 1.195038110995483294e-02 3.640099095946425223e-03 0.000000000000000000e+00 1.581086703595246945e-02 1.318146798689667776e-01 6.902073823048340273e-01
2.618618039900866279e-02 1.334908157309655508e-02 3.698663640989252599e-03 0.000000000000000000e+00 4.170689272086747224e-03 4.972124233995600662e-02 3.457109780961218348e-01
4.291451207700447412e-02 2.039840568409090338e-02 6.013259205019494402e-03 0.000000000000000000e+00 5.899417310047283536e-03 7.207283583397838811e-02 4.832617263980409916e-01
2.675157348994616768e-02 1.462173062191141071e-02 3.852508256841247203e-03 0.000000000000000000e+00 1.887235209983373352e-02 1.041212387619907531e-01 3.939680959128963877e-01
4.617863306907565857e-02 1.563072890121475211e-02 6.940108951312140562e-04 0.000000000000000000e+00 1.302375819705048343e-02 6.261513794015627354e-02 2.518406404140023369e-01
4.850886883809835126e-02 2.459770874497735349e-02 7.285647611070089624e-03 0.000000000000000000e+00 3.058443130612431560e-04 5.757481249929696787e-03 2.088359093409053457e-02
7.476437006198466406e-02 3.323244029593297455e-02 6.585936974943251698e-03 0.000000000000000000e+00 6.465731429898369242e-03 1.994921227787926910e-02 3.369896820504436619e-02
7.250054383007409342e-02 2.440912828615182661e-02 1.885568517991487170e-03 0.000000000000000000e+00 1.196291988208031398e-02 3.502246147309051594e-02 6.232883747111372941e-02
6.165386469206168840e-02 2.796430403600425052e-02 6.538703303021975444e-03 0.000000000000000000e+00 5.491436884085487691e-03 2.247002513695406378e-02 4.722009308693486673e-02
3.657011767290896387e-02 1.992108440094852995e-02 6.514993632890764275e-03 0.000000000000000000e+00 3.311729457891487982e-03 3.012867008396824531e-02 9.742682370892907784e-02
2.898750617100631644e-02 1.355837620008060185e-02 4.199894830890116282e-03 0.000000000000000000e+00 4.241181281940953340e-03 1.846541389886624529e-02 3.479780832003598334e-02
2.581809180992422625e-02 1.745896543502567511e-02 7.705806295916772797e-03 0.000000000000000000e+00 4.751669958977799979e-03 2.428833414592190820e-02 4.278532931493828073e-02
3.103950092986451637e-02 1.697733902483378188e-02 5.866913242925875238e-03 0.000000000000000000e+00 3.229574115948707913e-03 1.249790184601806686e-02 2.065794918394203705e-02
3.490272914200431842e-02 1.860327449298893043e-02 6.489785939038483775e-03 0.000000000000000000e+00 1.524232879091869108e-03 1.015852017599172541e-02 2.049831031490612077e-02
1.320472550119120569e-01 6.313542686189066444e-02 1.423462803199981863e-02 0.000000000000000000e+00 1.530040177794944611e-02 8.669039484402674134e-02 2.741935438480140874e-01
4.422355801000321662e-02 2.643324090706755669e-02 1.258538305808087898e-02 0.000000000000000000e+00 4.270754535014020803e-03 3.705106294000870548e-02 8.435985811297541659e-02
3.156718700499823171e-01 9.561463748013920849e-02 1.242770375006330141e-02 0.000000000000000000e+00 1.816299925008024729e-02 1.128667916000267724e-01 4.198146151350101718e-01
3.230121895148840849e-01 9.360351426198576519e-02 1.341127542491449276e-02 0.000000000000000000e+00 9.765365304929218837e-03 5.178050448398607841e-02 1.778852277159330697e-01
1.861512955640591827e-01 6.610112692897018860e-02 1.212714134317138814e-02 0.000000000000000000e+00 2.279446111970173661e-03 9.889441150107813883e-03 2.759490847915913037e-02
1.813714271779645060e-01 8.924292548908852041e-02 2.139666643097370979e-02 0.000000000000000000e+00 4.973513659933814779e-03 2.783477041089099657e-02 8.373777007295757357e-02
6.872076055901743530e-02 1.859527076294398285e-02 3.949483925907770754e-03 0.000000000000000000e+00 6.832172969097882742e-04 1.402963808504864573e-02 4.675989521206247446e-02
1.421972573809853202e-01 4.483127652997609403e-02 8.633465344928481500e-03 0.000000000000000000e+00 1.002438584305309632e-02 6.477758832488689222e-02 1.957701587730298343e-01
8.225381183183344547e-02 2.831627435284644889e-02 4.839261521055959747e-03 0.000000000000000000e+00 1.796107850395856076e-02 1.143572949738427269e-01 3.663429201769758947e-01
1.326342595259575319e-01 5.196862546699776431e-02 1.051831218092047493e-02 0.000000000000000000e+00 1.192796007785545953e-02 7.749011353780588252e-02 2.355630521058174054e-01
6.394403143804083811e-02 2.119933921699157509e-02 2.920279022873728536e-03 0.000000000000000000e+00 1.331657063201419078e-02 6.329190821907104691e-02 1.552935543140847585e-01
4.094714274697253131e-02 8.604669287024080404e-03 0.000000000000000000e+00 2.788094572906629764e-03 1.624553451097199286e-02 4.478774909489402489e-02 7.902365050290427462e-02
8.145991532205698604e-02 3.109603840994168422e-02 7.461918200988293393e-03 0.000000000000000000e+00 6.357377593985802378e-03 3.945187087401791359e-02 9.775024491705153196e-02
9.908531967312228517e-02 4.178196080192719819e-02 6.479265902953557088e-03 0.000000000000000000e+00 2.464858227813238045e-02 8.706668520403582079e-02 1.697770418850268470e-01
4.659194481973827351e-03 3.581592985938186757e-03 1.395534842004053644e-03 0.000000000000000000e+00 7.341489249938604189e-03 3.511594798897021974e-02 7.657553722492593806e-02
5.379173858955255128e-03 3.974843852802223410e-03 2.328137253925888217e-03 0.000000000000000000e+00 1.843823527906351956e-03 1.991008844083808071e-02 5.973755775880817964e-02
4.350824686071064207e-03 3.568976831047621090e-04 0.000000000000000000e+00 7.161670896493887994e-05 4.402855215175804915e-03 2.279217260706900561e-02 5.753106822203335469e-02
1.744333392298358376e-02 7.476035568970473832e-03 2.816337778085653554e-03 0.000000000000000000e+00 4.730547289909736719e-03 2.661404505806785892e-02 5.902894777500478085e-02
5.113066229205287527e-02 1.557578360097977566e-02 4.084559819830246852e-04 0.000000000000000000e+00 1.010257797895519616e-02 3.411761685299552482e-02 6.885942601002170704e-02
1.373509277300399845e-02 8.295164097944507375e-03 4.477565754086754168e-03 3.953361081130424282e-04 0.000000000000000000e+00 1.391736558593947848e-02 5.016365281903745199e-02
4.129749943990645988e-02 1.643794613778482017e-02 2.226112086873399676e-03 0.000000000000000000e+00 5.291565869811165612e-03 1.600104456497319916e-02 3.047355716694255534e-02
5.345164202185515023e-02 2.320948284591395350e-02 4.337293964908894850e-03 0.000000000000000000e+00 5.382032394891211879e-03 1.776229760594105755e-02 4.611065450490059447e-02
3.961662436518054164e-02 1.312841389312779938e-02 2.208516330028942320e-03 0.000000000000000000e+00 3.214325694716535509e-02 1.755476533771798131e-01 5.676924772239999584e-01
6.662303058897123265e-02 1.331996492604048399e-02 2.674814736110420199e-03 0.000000000000000000e+00 9.977715606055426179e-03 6.462667506411889917e-02 2.033914790670223738e-01
3.775647355291766871e-02 1.114406365604736493e-02 3.959763399052462773e-03 0.000000000000000000e+00 3.099746737916575512e-03 3.507212515205537784e-02 1.306541665649092465e-01
3.513582298592154984e-02 1.191581877196767891e-02 3.979819693086028565e-03 0.000000000000000000e+00 1.050231683188940224e-02 1.017107945178850059e-01 4.253564003099654656e-01
1.173627353509800741e-01 5.031635757586627733e-02 1.258998589787552191e-02 0.000000000000000000e+00 5.818990886837127618e-03 6.114656068893964402e-02 2.541129540629754047e-01
7.682142680096148979e-03 1.090096201096457662e-03 5.087382407964469166e-05 0.000000000000000000e+00 5.430783268025152211e-03 2.171678132901888603e-02 4.254773040804593620e-02
5.845295779067782860e-03 7.080677399926571525e-04 0.000000000000000000e+00 1.916733230018508038e-04 4.868099655027435801e-03 1.818249215898504190e-02 3.325315922006666369e-02
1.168992506586619129e-02 0.000000000000000000e+00 8.733811168895044830e-04 4.287424531867145561e-03 8.949765020815902972e-03 1.427080642088185414e-02 1.899035058681874943e-02
9.804564414025662700e-03 0.000000000000000000e+00 1.580051359951539780e-03 4.359287398074229714e-03 6.916160822129313601e-03 1.232498455306085816e-02 2.997032959797252261e-02
1.300021092197312100e-02 0.000000000000000000e+00 8.645413417980307713e-04 4.970565495796108735e-03 1.001717686290248821e-02 2.121332677188547677e-02 5.579256986197833612e-02
1.993092395489384216e-01 5.727711050212747068e-02 1.144477412594824273e-02 0.000000000000000000e+00 6.078594167092887801e-03 3.545756311405057204e-02 9.666733299309271388e-02
1.726003212290834199e-01 6.283645392591097334e-02 1.367351825410878519e-02 0.000000000000000000e+00 2.751081796986909467e-03 4.230907681699136447e-02 3.664490945420766366e-01
1.331090348251109390e-01 5.952578898700267018e-02 1.651193113411864033e-02 0.000000000000000000e+00 1.277351871067367028e-04 3.929120208204039955e-02 2.797015532401019300e-01
9.747360739493160509e-02 4.251945691703440389e-02 7.814182410129433265e-03 0.000000000000000000e+00 7.193067428033828037e-03 2.606253297904004285e-02 7.572660491496208124e-02
1.237116569918725872e-01 3.731076969688729150e-02 1.026799237183695368e-02 0.000000000000000000e+00 1.307773852886384702e-03 1.473551248500371003e-02 3.299481138787996315e-02
8.312612811687358771e-02 3.396519416196497332e-02 8.618015567890324746e-03 0.000000000000000000e+00 2.741258832497805997e-02 1.262472060448089906e-01 2.300439618129530572e-01
8.597329037206691282e-02 3.173786416004986677e-02 7.676639708961374708e-03 0.000000000000000000e+00 6.642517710133688524e-03 2.449541459304782620e-02 4.781829302396545245e-02
8.455797890949270368e-01 1.446551049009485723e-01 1.593855965097645822e-02 0.000000000000000000e+00 6.237108686946157832e-03 2.546596919205512677e-02 6.825880407700424257e-02
5.463861749090028752e-01 1.155904021170499618e-01 1.416468604998044611e-02 0.000000000000000000e+00 7.733297569984642905e-03 2.367341477383888559e-02 4.042758834498272336e-02
5.367826707429230737e-01 1.231340358999659657e-01 1.468879795788780029e-02 0.000000000000000000e+00 1.245093160991928016e-02 3.672438790499654715e-02 5.615593241691385629e-02
1.687562542483192374e+00 3.108874724330235040e-01 3.663844708103169978e-02 0.000000000000000000e+00 3.202854340088379104e-03 2.087758839206799166e-02 4.900867714309242729e-02
2.546875182483063327e+00 2.643305890869669383e-01 2.158648373892901873e-02 0.000000000000000000e+00 1.988803695894603152e-02 5.610102575906239508e-02 8.173314136092812987e-02
4.535491087058971971e+00 3.485077153588918009e-01 3.197008331198958331e-02 0.000000000000000000e+00 2.053492840900617011e-02 5.685381181797311001e-02 8.630535696488550457e-02
3.195212538093983312e-02 1.346943733892658202e-02 2.755318867002642946e-03 0.000000000000000000e+00 5.026507403044888633e-03 1.529101749611072592e-02 2.771204390410275664e-02
2.497023937212361488e-02 1.035671087106493360e-02 2.318688957075210055e-03 0.000000000000000000e+00 3.351500997951006866e-03 9.909917051118100062e-03 1.743842301493714331e-02
2.739584289201957290e-02 7.002084718806145247e-03 0.000000000000000000e+00 1.710389862864758470e-03 1.391672630188622861e-02 3.880582257897913223e-02 6.682235413791204337e-02
6.988724713505689579e-02 2.067388380305601459e-02 1.851787829082240933e-03 0.000000000000000000e+00 1.323338860515832494e-02 4.285546739697565499e-02 7.904942310415208340e-02
5.201296039103908697e-02 2.000001480405444454e-02 2.873427207987333531e-03 0.000000000000000000e+00 5.948567828909290256e-03 1.727054847901854373e-02 3.115158785794847063e-02
7.279480113697900379e-02 2.644372609893252957e-02 1.769642699855467072e-03 0.000000000000000000e+00 6.718989377986872569e-03 1.391198947089833382e-02 2.312907447094403324e-02
5.320914339404225757e-02 2.611118283402902307e-02 4.690690652068951749e-03 0.000000000000000000e+00 8.209748825038332143e-03 2.355187853004281351e-02 3.841029708200949244e-02
3.760232832996734942e-02 1.201899934403627412e-02 0.000000000000000000e+00 1.821854792069643736e-03 1.044592854395887116e-02 2.529801859009239706e-02 4.875155026206812181e-02
8.504953447391017107e-02 5.113701527284320036e-02 1.502063893394733896e-02 0.000000000000000000e+00 5.646385592854130664e-03 2.160957239902927540e-02 4.584070204396084591e-02
2.203938802949778619e-01 8.421633901298264391e-02 1.523183084100310225e-02 0.000000000000000000e+00 1.099516358999608201e-02 4.000109558000985999e-02 9.751093042814318324e-02
5.491291596899827709e-02 3.020950968812030624e-02 1.029771090497888508e-02 0.000000000000000000e+00 6.090860342055748333e-03 3.218033999314684479e-02 6.788179138311534189e-02
8.704196940789188375e-02 4.459922551086492604e-02 1.037339856497965229e-02 0.000000000000000000e+00 1.536357923396280967e-02 6.279966525494273810e-02 1.339992397358855669e-01
5.608857164111213933e-02 2.605704772395256441e-02 6.454101476947471383e-03 0.000000000000000000e+00 9.667992301046979264e-03 4.663660682103909494e-02 1.186069106440754695e-01
1.844180762600444723e-02 8.973294495945083327e-03 1.088051913939125370e-03 0.000000000000000000e+00 9.228006957982870517e-03 3.451101520704469294e-02 7.609936570497666253e-02
2.030364291204023175e-02 1.221864809303951915e-02 3.924333148916048231e-03 0.000000000000000000e+00 8.834888501041859854e-03 4.386400801786294323e-02 1.048756511020201287e-01
2.263153328908629192e-02 1.424558330313629995e-02 6.356231746167395613e-03 6.200026291480753571e-04 0.000000000000000000e+00 1.218676995017631270e-02 5.575953460311211529e-02
2.090927577205548005e-02 1.084510104806213349e-02 4.629149354968831176e-03 6.305606100340810372e-04 0.000000000000000000e+00 5.225405995133769466e-03 2.781674530706368387e-02
2.114803112885965675e-02 1.039409138388691645e-02 3.002814723004121333e-03 0.000000000000000000e+00 2.779615096869747504e-03 1.356465414096419408e-02 4.530155829093018838e-02
1.559143148097064113e-02 5.176539126978241256e-03 4.407232049743470270e-04 0.000000000000000000e+00 4.571057857901905663e-03 1.944129703406360932e-02 5.795914399595858413e-02
2.787489697902856278e-02 1.088881096393379266e-02 2.451288585007205256e-03 0.000000000000000000e+00 3.588899126043543220e-03 1.792033839706164144e-02 5.301652284992997011e-02
3.574330680794446380e-02 1.582595331501579494e-02 3.330967997953848680e-03 0.000000000000000000e+00 8.391544091864489019e-03 3.499856108896892692e-02 9.654381716200077790e-02
1.806956525181249162e-01 6.022738873207345023e-02 1.166261190405748494e-02 0.000000000000000000e+00 2.791644738181275898e-03 2.457637632915066206e-02 1.033692016501390754e-01
3.069392634899941186e-01 1.003302476590306469e-01 1.706851497101524728e-02 0.000000000000000000e+00 1.435836211089736025e-02 8.431023963794359588e-02 2.683484366250468156e-01
1.339941585499673238e-01 5.207924276010089670e-02 9.527534609105714480e-03 0.000000000000000000e+00 1.287629980697602150e-02 6.047714102714962792e-02 1.661312723949777137e-01
2.531270939107344020e-02 1.811843361201681546e-02 9.061077640126313781e-03 0.000000000000000000e+00 8.444786395102710230e-03 1.081316961310676561e-01 5.217428802170616109e-01
5.742593797413064749e-02 2.726474656810751185e-02 7.847560851132584503e-03 0.000000000000000000e+00 7.153322471140199923e-03 6.041281955299382389e-02 2.362955915630209347e-01
2.817783226480514713e-01 9.042888885892352846e-02 2.328713963311201951e-02 4.983193185125855962e-03 0.000000000000000000e+00 4.333824160994481645e-03 3.401128000700737175e-02
3.272255249439695035e-01 6.788350859483216482e-02 8.648214320828628843e-03 0.000000000000000000e+00 2.718303349865891505e-03 1.957085214394282957e-02 8.077766781593709311e-02
2.777309023820180300e-01 4.545902205586571654e-02 6.366694344023926533e-03 0.000000000000000000e+00 1.235347438387179864e-02 6.524920821789237380e-02 1.880424376370228856e-01
7.679551970770717162e-01 1.531278989270958846e-01 1.958520951507125574e-02 0.000000000000000000e+00 7.590492542021820555e-03 4.270701671407550748e-02 1.241777312332033034e-01
3.750370672680674033e-01 8.548530122106967610e-02 1.197275909498785040e-02 0.000000000000000000e+00 2.715808522907536826e-03 2.227507441193665727e-02 8.583245244903991988e-02
2.264554957880591246e-01 5.017709573394313338e-02 4.949878019033349119e-03 0.000000000000000000e+00 1.435740448096112232e-02 4.894133012703605345e-02 1.108361045219226071e-01
2.754763446919241687e-01 1.001132244450673170e-01 1.935469919999377453e-02 0.000000000000000000e+00 6.560944877037400147e-03 3.670101212810550351e-02 1.115535249989534350e-01
9.008727651803383196e-02 2.664571095488099672e-02 3.789348902046185685e-03 0.000000000000000000e+00 7.590831982042800519e-03 3.742638752601123997e-02 1.089682102808637865e-01
1.877779512819870433e-01 6.722899081705691060e-02 1.322178848613475566e-02 0.000000000000000000e+00 1.195719092606850609e-02 5.689113442417692568e-02 1.452474202221765154e-01
1.290791230178456317e-01 4.547977112792978005e-02 1.080112517183806631e-02 0.000000000000000000e+00 6.825551965903287055e-03 5.633190447997549199e-02 1.637826112619222840e-01
1.680070267439077725e-01 5.116408905996649992e-02 1.135682285394068458e-02 0.000000000000000000e+00 1.369260353294521337e-02 8.528241944691217213e-02 2.345552322387902677e-01
8.308281713607357233e-02 3.435648249410405697e-02 9.463158505013780086e-03 0.000000000000000000e+00 1.661509663290416938e-02 7.971069039399480971e-02 1.957752621810868732e-01
1.438483470549272170e-01 4.745873923411636497e-02 1.344171838695729093e-02 0.000000000000000000e+00 5.934690713047530153e-03 6.714126656106600421e-02 2.619124583909524517e-01
2.939222468839943758e-01 6.956514256694390497e-02 1.212742321808946144e-02 0.000000000000000000e+00 1.526518009086430538e-03 2.555687376116111409e-02 1.053453348049515625e-01
