5.095040012421784503e+00
3.092130926147372616e+00
2.688716420532278661e+00
2.450115137694316658e+00
2.280484245738180427e+00
2.148770461807034682e+00
2.041073941486640564e+00
1.949976478845656391e+00
1.871039339330651030e+00
1.801390198941644760e+00
1.739075360016620664e+00
1.682686149443072932e+00
1.631216160754503264e+00
1.583851855551946741e+00
1.539998361284088402e+00
1.499170734038757447e+00
1.460969082902446425e+00
1.425084326401267809e+00
1.391261431215963462e+00
1.359249931637701803e+00
1.328885355743749219e+00
1.299999425235496275e+00
1.272462843062633464e+00
1.246142705690738373e+00
1.220947274509760483e+00
1.196778068431145536e+00
1.173552378976565613e+00
1.151205728149441221e+00
1.129671012264269248e+00
1.108891253083401196e+00
1.088817550746632223e+00
1.069395268689506295e+00
1.050597784128849410e+00
1.032380317264607550e+00
1.014697631168354874e+00
9.975331462829525320e-01
9.808470735101021409e-01
9.646221446616500828e-01
9.488266433572540848e-01
9.334462463640763596e-01
9.184483649237118463e-01
9.038268045465571721e-01
8.895507733768012182e-01
8.756231974023124254e-01
8.620002561147588338e-01
8.486959701225943453e-01
8.356769656446073613e-01
8.229426262236213541e-01
8.104690723241685379e-01
7.982568716919918872e-01
7.862912618238999674e-01
7.745609348167323827e-01
7.630644575281484432e-01
7.517842983817617508e-01
7.407068171094485232e-01
7.298446403676108751e-01
7.191692810089596044e-01
7.086882722735681206e-01
6.983794383506186643e-01
6.882552665691665794e-01
6.782979206579337061e-01
6.685120420792894924e-01
6.588809870050541528e-01
6.494044249906250066e-01
6.400706922633692120e-01
6.308891161165220973e-01
6.218505131257360263e-01
6.129371620878888427e-01
6.041646625024493789e-01
5.955179266113578285e-01
5.869925857621496323e-01
5.785938177317596631e-01
5.703002834401826870e-01
5.621368233851593565e-01
5.540790519503738798e-01
5.461265370324227542e-01
5.382807805786242739e-01
5.305388015331394813e-01
5.228928464370065088e-01
5.153435460411263103e-01
5.078959388257009433e-01
5.005367732202088416e-01
4.932705850590588526e-01
4.860902208228610744e-01
4.789928038722559567e-01
4.719920698454013741e-01
4.650534902617471933e-01
4.582049530688914185e-01
4.514381028374054861e-01
4.447390298732137870e-01
4.381288303164720399e-01
4.315778257375414428e-01
4.251071096401993210e-01
4.187016896406142719e-01
4.123671596396586980e-01
4.060958009537671831e-01
3.998931019847602464e-01
3.937481996431233533e-01
3.876775033486161703e-01
3.816643320947867291e-01
3.757167778880838860e-01
3.698231425321605315e-01
3.639827690768210333e-01
3.582007644598617646e-01
3.524853318412788927e-01
3.468121714268480038e-01
3.411920728727132479e-01
3.356301253342900970e-01
3.301223693836228823e-01
3.246615540694839375e-01
3.192401142372670031e-01
3.138879512515837522e-01
3.085692982359610759e-01
3.033111542873231925e-01
2.980961788708888505e-01
2.929194202540736369e-01
2.877855916848910400e-01
2.827028588060182535e-01
2.776595518007221597e-01
2.726604428273349257e-01
2.677070320998970465e-01
2.627905413259468137e-01
2.579157107721930520e-01
2.530804331319234102e-01
2.482754693844487215e-01
2.435231653681307340e-01
2.388001021899303911e-01
2.341181038047144558e-01
2.294711955986095120e-01
2.248605076534452019e-01
2.202871832899278015e-01
2.157449473025914721e-01
2.112460302459366335e-01
2.067690634626225821e-01
2.023300169597017917e-01
1.979261802621040955e-01
1.935547404756463030e-01
1.892166678059122031e-01
1.849129428466432523e-01
1.806307573107323039e-01
1.763866975869524956e-01
1.721658190834465807e-01
1.679789123772823523e-01
1.638248926283109030e-01
1.596965004696861978e-01
1.555924272375026340e-01
1.515216685250558304e-01
1.474830312342543803e-01
1.434647788530497292e-01
1.394738599038438109e-01
1.355131459518043036e-01
1.315770067192216508e-01
1.276704269044868501e-01
1.237789832486716202e-01
1.199184378819026509e-01
1.160895693153114888e-01
1.122776759678224545e-01
1.084921571407082841e-01
1.047292007903235789e-01
1.009939068206508750e-01
9.727561082386575186e-02
9.358620280212053000e-02
8.991718495458832228e-02
8.627370752091570449e-02
8.265173619871916955e-02
7.905180821072425867e-02
7.547211154624923479e-02
7.191078226868292955e-02
6.837543442735689869e-02
6.486187336914001067e-02
6.136338459387465777e-02
5.788763807878508777e-02
5.443759976377467863e-02
5.099666920590247704e-02
4.758733438077211719e-02
4.419288943220699151e-02
4.080871507633598849e-02
3.745518365948957706e-02
3.411778467988121899e-02
3.079690186386689968e-02
2.750568582196205591e-02
2.421650464663060304e-02
2.095788852911546415e-02
1.770968592265851141e-02
1.447738864894587002e-02
1.126922870973238490e-02
8.075147120367607775e-03
4.895468767621757866e-03
1.738519838372366757e-03
-1.405962444971085553e-03
-4.526909132998966842e-03
-7.640108116065402570e-03
-1.073717940298887612e-02
-1.381504419227553605e-02
-1.687606672914672076e-02
-1.991713467503387902e-02
-2.295453332355584797e-02
-2.596297985632029653e-02
-2.896722097752662747e-02
-3.194453594985496164e-02
-3.491996458928192659e-02
-3.786774678485987922e-02
-4.081890237396119253e-02
-4.373886024581634391e-02
-4.665022636976547815e-02
-4.954407948122858257e-02
-5.243177557609922379e-02
-5.530141125105167421e-02
-5.815855252969302086e-02
-6.099702136502622996e-02
-6.382243666691836403e-02
-6.663454441511100501e-02
-6.943910163116576162e-02
-7.222385329613104088e-02
-7.500059410868455123e-02
-7.776305007265930935e-02
-8.051402152191951267e-02
-8.325328651220635645e-02
-8.597443843507669714e-02
-8.868648411738042081e-02
-9.138611947014119163e-02
-9.406998213857359348e-02
-9.674724447584578946e-02
-9.940511059087808743e-02
-1.020591456179051476e-01
-1.046996706415354167e-01
-1.073296550012906303e-01
-1.099392468211537882e-01
-1.125442892410442458e-01
-1.151349276840520769e-01
-1.177174444855196983e-01
-1.202851306974340728e-01
-1.228443228134519088e-01
-1.253981653020200260e-01
-1.279332661322042375e-01
-1.304626658149957430e-01
-1.329762032457251497e-01
-1.354769897490017694e-01
-1.379749424632145116e-01
-1.404598117649818179e-01
-1.429313872002926089e-01
-1.453962925457302768e-01
-1.478509684277300451e-01
-1.502917976984215476e-01
-1.527254860543987847e-01
-1.551519028530605193e-01
-1.575604507665340492e-01
-1.599648805055717271e-01
-1.623580671660346808e-01
-1.647433647516538813e-01
-1.671170924841497152e-01
-1.694826308634824752e-01
-1.718398425585289935e-01
-1.741814136984478067e-01
-1.765179261011981526e-01
-1.788492823319630665e-01
-1.811681233766703480e-01
-1.834779095678054639e-01
-1.857748396849702166e-01
-1.880770923917075288e-01
-1.903551970686787886e-01
-1.926273449676118021e-01
-1.948897175034544627e-01
-1.971496274764022449e-01
-1.994032689613943199e-01
-2.016430205854342073e-01
-2.038724632959113270e-01
-2.060952340402426031e-01
-2.083112252517729246e-01
-2.105126992543763786e-01
-2.127147775529476259e-01
-2.149059063985443163e-01
-2.170897901936786611e-01
-2.192624465510439324e-01
-2.214276069252189283e-01
-2.235851590654873156e-01
-2.257349900905538387e-01
-2.278750224244029121e-01
-2.300130053349168091e-01
-2.321370183932961739e-01
-2.342607798794441587e-01
-2.363723043720944716e-01
-2.384774314230075909e-01
-2.405720520259343465e-01
-2.426640821152871441e-01
-2.447413425729006997e-01
-2.468259576014953383e-01
-2.488874535005268229e-01
-2.509459822394121131e-01
-2.530035364781356155e-01
-2.550477430092746300e-01
-2.570908179681948291e-01
-2.591223724789756822e-01
-2.611464179712877365e-01
-2.631628528970080261e-01
-2.651757586155727431e-01
-2.671829763764276278e-01
-2.691802127242539089e-01
-2.711673429503642652e-01
-2.731612023314575199e-01
-2.751320553784524225e-01
-2.771073934697516061e-01
-2.790786736954172231e-01
-2.810307940241385527e-01
-2.829850970721636827e-01
-2.849286071045823432e-01
-2.868655352954371796e-01
-2.888001491287782163e-01
-2.907236692074319784e-01
-2.926469208983200621e-01
-2.945610885587323646e-01
-2.964660632601083257e-01
-2.983727968213329973e-01
-3.002657506845537450e-01
-3.021581306806429557e-01
-3.040387439682611381e-01
-3.059209019937128571e-01
-3.077888662045578094e-01
-3.096560111404685900e-01
-3.115200481516268716e-01
-3.133741219858918736e-01
-3.152135680040766830e-01
-3.170610620358060849e-01
-3.188960490477312226e-01
-3.207229888157337450e-01
-3.225510063051811316e-01
-3.243777821616661283e-01
-3.261893754626714603e-01
-3.280019084918078809e-01
-3.298060414062181089e-01
-3.315993401588171463e-01
-3.333981175443732070e-01
-3.351812201278698278e-01
-3.369626557106146780e-01
-3.387423927127219403e-01
-3.405156486681252814e-01
-3.422752017157637550e-01
-3.440352499399893516e-01
-3.457909887577741981e-01
-3.475471712255051582e-01
-3.492869101067846427e-01
-3.510269691211042598e-01
-3.527600609525011754e-01
-3.544934050568188666e-01
-3.562147928360955840e-01
-3.579412280274898994e-01
-3.596506600037858159e-01
-3.613601487181667404e-01
-3.630647451706016104e-01
-3.647668670747067354e-01
-3.664639969622432991e-01
-3.681585662450791996e-01
-3.698405553079988639e-01
-3.715223571420428472e-01
-3.731914062055491366e-01
-3.748626830304389590e-01
-3.765286203701391776e-01
-3.781967533566406581e-01
-3.798518566457403933e-01
-3.815065345805639385e-01
-3.831480075811821706e-01
-3.847991890250304636e-01
-3.864344794315991427e-01
-3.880717504665491813e-01
-3.896955202653217820e-01
-3.913263686147525622e-01
-3.929461756111616855e-01
-3.945574400799694015e-01
-3.961705168236275276e-01
-3.977801757200871147e-01
-3.993837531845247923e-01
-4.009864487056036819e-01
-4.025776925113859761e-01
-4.041706036992022133e-01
-4.057519248613086771e-01
-4.073401634311648589e-01
-4.089113693061224297e-01
-4.104894524437766590e-01
-4.120583752797509214e-01
-4.136234280122158546e-01
-4.151845686806190927e-01
-4.167390537093694780e-01
-4.182949451234934668e-01
-4.198413804997657706e-01
-4.213837200848433717e-01
-4.229301104840647585e-01
-4.244641511813551094e-01
-4.259967111698490516e-01
-4.275250173569871137e-01
-4.290545426218882463e-01
-4.305714596324215493e-01
-4.320922948799252872e-01
-4.336003916589865614e-01
-4.351123612363261839e-01
-4.366170487507467501e-01
-4.381171892708340398e-01
-4.396239694604681114e-01
-4.411149106681916954e-01
-4.426011709069727074e-01
-4.440911924237374575e-01
-4.455736493233068418e-01
-4.470570048409859831e-01
-4.485298548115058126e-01
-4.499978260393580620e-01
-4.514666019136640007e-01
-4.529304359896659249e-01
-4.543979184437256791e-01
-4.558517523348675216e-01
-4.573062920567258494e-01
-4.587499339872613269e-01
-4.602029385443336396e-01
-4.616478806496795428e-01
-4.630846923506790613e-01
-4.645220905472323136e-01
-4.659571354338293281e-01
-4.673839162165445149e-01
-4.688082636436052275e-01
-4.702360650641382311e-01
-4.716525179962487990e-01
-4.730664449686156070e-01
-4.744807975619142471e-01
-4.758866154161567885e-01
-4.772928057951401071e-01
-4.786963640241738149e-01
-4.800912506394229839e-01
-4.814894497860545131e-01
-4.828849359594177271e-01
-4.842716268251831546e-01
-4.856585566056975667e-01
-4.870365938945357409e-01
-4.884178640989990106e-01
-4.897932143315240072e-01
-4.911717847440789653e-01
-4.925413095740557856e-01
-4.939109500386363316e-01
-4.952683621810364256e-01
-4.966289110830059417e-01
-4.979864141136277067e-01
-4.993470541348156710e-01
-5.006890566190983494e-01
-5.020372447923274750e-01
-5.033885270332812967e-01
-5.047272475121520330e-01
-5.060658777592722535e-01
-5.073981139421308573e-01
-5.087396818755423045e-01
-5.100621769027134933e-01
-5.113939880313883579e-01
-5.127129357604441884e-01
-5.140348448050088281e-01
-5.153501563211742020e-01
-5.166684127914983327e-01
-5.179800126573883556e-01
-5.192881169106510209e-01
-5.205959148183016971e-01
-5.218969455947084501e-01
-5.232040908476026653e-01
-5.245044232255005046e-01
-5.257913966128663352e-01
-5.270876983210525113e-01
-5.283738138232874082e-01
-5.296692821515328609e-01
-5.309446763179288542e-01
-5.322294049574278763e-01
-5.335070729852383620e-01
-5.347809255000902651e-01
-5.360542358843961575e-01
-5.373269946142755771e-01
-5.385925555290249633e-01
-5.398541917849241090e-01
-5.411185372854293574e-01
-5.423789243772709767e-01
-5.436319752546948658e-01
-5.448876986040805948e-01
-5.461393840149268986e-01
-5.473870001077169034e-01
-5.486372654354311207e-01
-5.498766626526768730e-01
-5.511152851748282178e-01
-5.523565188862372688e-01
-5.535901645162507601e-01
-5.548264003570740899e-01
-5.560549844630258143e-01
-5.572827129014015224e-01
-5.585061432278117799e-01
-5.597286821967483172e-01
-5.609537648582945124e-01
-5.621675895963543779e-01
-5.633873820326280590e-01
-5.645993049736572900e-01
-5.658067790355224558e-01
-5.670167344853325186e-01
-5.682222044775965264e-01
-5.694231564509540933e-01
-5.706265630295850322e-01
-5.718183952190746266e-01
-5.730196785566989970e-01
-5.742128458555951775e-01
-5.754013739691435925e-01
-5.765887680528334336e-01
